1.461391105694993
1.9764825660772514
1.7556815720520889
1.7612241475046453
1.8181927531691686
1.156582018103765
1.766031884594549
2.929418925714293
2.9178370531644773
3.0204993950616252
3.0826473018104696
3.719469399397644
2.1473726314471246
3.8955606584533253
3.4184394037336627
3.1754013550473683
1.0006910017080728
1.1485374810016975
1.5780196259971766
3.0062589559470148
2.0277986338031244
2.73419265621835
2.0248642004640756
1.9764825660772514
2.3972501046637245
2.4184394037336627
3.8955606584533253
3.3215293907256065
3.5433781403419626
2.497620649781288
3.1358928137636943
4.020499395061625
2.9178370531644773
2.3672868812862813
2.640288153350019
1.419526499374877
3.497620649781288
2.440715798444815
3.3514926141030497
2.671545847080461
3.2423481446779814
3.0826473018104696
2.390410680133419
1.5390567665593202
3.3215293907256065
2.3422846123162255
2.6225593863895877
2.8955606584533253
1.6105662717303306
2.252107981967138
3.8955606584533253
1.012893845482626
3.719469399397644
2.339258157686038
2.247200647472394
3.719469399397644
3.719469399397644
2.5891356309026374
3.1965906541173066
3.652522609767031
2.640288153350019
2.6651117370750512
2.6651117370750512
1.3890556260484532
1.0096343186518943
2.21658728253356
2.844408136005944
2.599993558490846
1.02442574057635
3.7986506454452686
3.7986506454452686
4.020499395061625
3.293500667125363
2.6651117370750512
2.874371359383387
2.6225593863895877
3.8955606584533253
3.2188670488284585
2.583806797397571
3.3215293907256065
3.4184394037336627
2.719469399397644
2.82552279184557
2.400710636773231
2.290794773749438
2.232802826771751
2.9065560427547883
1.6348931214633131
2.884836793061552
1.5697372394505806
2.8541679732951
1.724565956417025
3.2423481446779814
2.232802826771751
2.884836793061552
3.719469399397644
3.383677297474451
2.658771559044032
2.6225593863895877
1.435414840961575
1.4831001110233641
3.497620649781288
1.9212792995754948
1.6550114101707256
2.8348628180997135
2.6463623010622124
2.5108489155150426
2.480587310482507
3.652522609767031
2.929418925714293
2.726768638139143
2.1922692803346635
3.497620649781288
3.719469399397644
3.383677297474451
2.9065560427547883
2.8955606584533253
3.3215293907256065
2.807424569752774
3.2423481446779814
3.1551979689590812
3.497620649781288
3.497620649781288
3.497620649781288
3.4184394037336627
3.09968064110925
3.383677297474451
2.749432622775087
3.497620649781288
3.497620649781288
2.941318149014
3.3514926141030497
3.497620649781288
1.6278024418019594
2.658771559044032
2.9791067099034
2.304496051426826
3.0352226518823313
3.8955606584533253
2.7816173061464884
3.2188670488284585
2.605526047090807
3.3514926141030497
4.196590654117307
1.046141244656426
3.0662568856223
4.196590654117307
3.1551979689590812
3.293500667125363
2.345332305398231
2.4112608191065394
3.594530662789344
3.09968064110925
3.3514926141030497
2.055140880716839
2.7733447801804987
3.0826473018104696
4.020499395061625
3.594530662789344
4.020499395061625
4.020499395061625
4.020499395061625
2.0945001286054694
2.9661417327390325
3.8955606584533253
3.719469399397644
2.9924706714613816
2.56312219853772
4.020499395061625
2.480587310482507
4.020499395061625
3.719469399397644
2.605526047090807
3.652522609767031
3.719469399397644
1.8339197243916394
2.2281077055633713
2.844408136005944
4.196590654117307
2.884836793061552
3.2188670488284585
2.515349416741719
3.5433781403419626
4.196590654117307
3.7986506454452686
3.7986506454452686
3.4562279646230625
3.719469399397644
4.020499395061625
4.020499395061625
4.020499395061625
4.020499395061625
2.726768638139143
3.2671717284030133
2.4764313507113496
4.196590654117307
2.5063945740887927
4.196590654117307
1.112550873449353
1.032089092807738
1.0061188835439614
2.304496051426826
2.3938169288253306
2.1692410463425498
4.020499395061625
2.864152194201701
3.8955606584533253
2.568201724066995
3.8955606584533253
3.497620649781288
3.0826473018104696
1.7187461777785482
3.4184394037336627
3.7986506454452686
2.7816173061464884
3.4184394037336627
3.1754013550473683
3.7986506454452686
3.4562279646230625
3.0352226518823313
2.9924706714613816
3.7986506454452686
3.7986506454452686
2.941318149014
3.3514926141030497
1.6128252858323067
2.573341363719406
3.594530662789344
3.3514926141030497
3.7986506454452686
3.383677297474451
3.652522609767031
2.790050473683351
2.2098189198510614
2.1120143761829757
2.568201724066995
4.020499395061625
3.8955606584533253
3.719469399397644
2.4847834250761154
2.2989635628268648
3.1551979689590812
2.884836793061552
2.1120143761829757
2.844408136005944
3.5433781403419626
2.8955606584533253
3.2423481446779814
1.9610622072097574
3.1965906541173066
3.7986506454452686
3.594530662789344
3.594530662789344
1.843444107903327
2.652522609767031
3.2423481446779814
2.4641968942943375
1.591285607976197
2.6651117370750512
2.194424592360799
2.7652268899583192
1.1489264595157467
3.719469399397644
3.652522609767031
3.1754013550473683
2.9178370531644773
3.0662568856223
3.1551979689590812
3.7986506454452686
3.4184394037336627
2.6982801003277057
2.941318149014
3.8955606584533253
3.3514926141030497
3.8955606584533253
3.0662568856223
2.884836793061552
3.652522609767031
4.196590654117307
3.5433781403419626
3.594530662789344
3.4184394037336627
2.7572579602870437
1.8255227918455703
3.7986506454452686
3.594530662789344
3.3215293907256065
3.2671717284030133
3.7986506454452686
3.4184394037336627
2.4764313507113496
1.8255227918455703
4.196590654117307
2.4148352794648376
4.196590654117307
4.196590654117307
1.5338328224357323
2.8541679732951
3.2671717284030133
3.1551979689590812
3.0204993950616252
2.480587310482507
3.719469399397644
3.5433781403419626
2.304496051426826
3.7986506454452686
2.953552605431012
2.9791067099034
3.7986506454452686
2.790050473683351
3.4562279646230625
3.8955606584533253
2.5063945740887927
2.2854330453773297
3.1754013550473683
2.538579257460194
2.2257790432447884
1.9247490475808076
3.594530662789344
4.196590654117307
4.020499395061625
4.020499395061625
4.020499395061625
2.9661417327390325
4.020499395061625
4.020499395061625
3.1174094080696815
3.7986506454452686
3.1754013550473683
3.5433781403419626
3.497620649781288
4.196590654117307
2.8541679732951
3.8955606584533253
1.668960753245968
2.56312219853772
2.798650645445269
3.09968064110925
2.9661417327390325
2.790050473683351
2.684707293138432
3.383677297474451
4.196590654117307
3.7986506454452686
2.9178370531644773
1.560102757763941
2.56312219853772
2.4723147845165174
4.020499395061625
4.020499395061625
3.594530662789344
2.200955459519757
3.7986506454452686
2.929418925714293
1.3303033150331116
4.020499395061625
4.020499395061625
1.7356928113607586
4.020499395061625
3.8955606584533253
3.2671717284030133
3.2671717284030133
2.9791067099034
3.2188670488284585
3.594530662789344
3.1551979689590812
4.196590654117307
3.3215293907256065
2.3215293907256065
3.594530662789344
2.798650645445269
4.196590654117307
2.640288153350019
2.558101397162669
1.0489143298762078
3.2423481446779814
3.4562279646230625
1.0753591989676852
3.2188670488284585
3.7986506454452686
3.652522609767031
3.594530662789344
3.594530662789344
3.3514926141030497
3.8955606584533253
3.8955606584533253
3.8955606584533253
3.719469399397644
4.497620649781288
1.9461706518084125
2.9924706714613816
3.8955606584533253
3.0662568856223
2.9065560427547883
3.594530662789344
3.8955606584533253
4.020499395061625
3.719469399397644
2.9178370531644773
2.6651117370750512
4.020499395061625
1.0970826603893415
3.8955606584533253
3.7986506454452686
3.2188670488284585
3.2671717284030133
3.3514926141030497
3.3215293907256065
3.1174094080696815
2.874371359383387
4.196590654117307
4.196590654117307
2.7052289602830335
3.2188670488284585
3.3514926141030497
2.8541679732951
2.9661417327390325
3.0204993950616252
2.3870309394820386
2.9661417327390325
4.196590654117307
2.390410680133419
3.719469399397644
4.196590654117307
3.8955606584533253
2.749432622775087
3.594530662789344
2.874371359383387
3.0826473018104696
3.1965906541173066
4.020499395061625
3.3215293907256065
3.5433781403419626
3.719469399397644
3.3514926141030497
3.497620649781288
4.196590654117307
2.8163794124057002
3.594530662789344
2.145438131669925
3.2188670488284585
3.1965906541173066
3.8955606584533253
3.652522609767031
2.9791067099034
2.4257386424751624
3.497620649781288
3.3514926141030497
3.8955606584533253
2.749432622775087
2.726768638139143
2.652522609767031
2.4041989646190522
3.2188670488284585
4.196590654117307
3.8955606584533253
3.0062589559470148
3.8955606584533253
3.8955606584533253
3.8955606584533253
3.3215293907256065
3.8955606584533253
2.953552605431012
3.4184394037336627
2.07437477584448
2.48902047801937
3.497620649781288
3.3215293907256065
3.3514926141030497
2.790050473683351
3.497620649781288
4.196590654117307
4.020499395061625
4.020499395061625
2.790050473683351
2.573341363719406
4.020499395061625
2.884836793061552
4.020499395061625
2.8955606584533253
3.2188670488284585
3.0662568856223
3.2188670488284585
3.8955606584533253
2.2098189198510614
3.652522609767031
3.383677297474451
4.497620649781288
3.8955606584533253
3.8955606584533253
3.8955606584533253
3.8955606584533253
3.8955606584533253
3.293500667125363
2.045834214256997
4.020499395061625
2.0630517457470887
4.020499395061625
4.196590654117307
4.196590654117307
2.7122908147705207
4.196590654117307
3.2671717284030133
3.3215293907256065
4.196590654117307
4.196590654117307
2.153228376096177
4.196590654117307
4.196590654117307
4.196590654117307
4.196590654117307
3.8955606584533253
2.3672868812862813
3.1551979689590812
3.293500667125363
4.020499395061625
2.480587310482507
3.497620649781288
3.0826473018104696
4.020499395061625
4.020499395061625
2.953552605431012
3.719469399397644
3.7986506454452686
4.020499395061625
4.020499395061625
4.196590654117307
3.4184394037336627
3.09968064110925
3.8955606584533253
3.652522609767031
2.3362526475463126
3.719469399397644
4.020499395061625
3.0204993950616252
3.4184394037336627
3.8955606584533253
2.7733447801804987
4.020499395061625
2.7733447801804987
2.7652268899583192
3.2188670488284585
3.594530662789344
3.652522609767031
3.383677297474451
2.6342977896608315
3.8955606584533253
4.497620649781288
3.652522609767031
4.497620649781288
1.4605927700255128
3.4184394037336627
4.196590654117307
3.652522609767031
4.196590654117307
2.3273589343863303
2.9178370531644773
4.196590654117307
3.2671717284030133
2.290794773749438
4.196590654117307
3.0826473018104696
4.196590654117307
4.196590654117307
3.4562279646230625
2.7816173061464884
3.8955606584533253
3.8955606584533253
3.8955606584533253
3.8955606584533253
2.6111299246088056
3.8955606584533253
3.5433781403419626
3.3514926141030497
2.9791067099034
4.020499395061625
2.4723147845165174
3.594530662789344
4.020499395061625
3.0352226518823313
3.2188670488284585
3.293500667125363
4.020499395061625
3.2671717284030133
4.020499395061625
2.480587310482507
3.383677297474451
3.4184394037336627
3.8955606584533253
2.9178370531644773
3.8955606584533253
3.3215293907256065
3.8955606584533253
2.941318149014
3.5433781403419626
3.8955606584533253
3.8955606584533253
3.3215293907256065
3.3215293907256065
3.7986506454452686
2.8955606584533253
2.9065560427547883
2.790050473683351
3.652522609767031
4.196590654117307
4.196590654117307
3.7986506454452686
4.196590654117307
4.196590654117307
2.568201724066995
2.8348628180997135
3.4562279646230625
4.020499395061625
3.3215293907256065
3.0352226518823313
2.6982801003277057
3.8955606584533253
3.7986506454452686
3.652522609767031
3.8955606584533253
3.8955606584533253
3.2671717284030133
3.8955606584533253
3.293500667125363
3.8955606584533253
3.8955606584533253
3.8955606584533253
3.8955606584533253
3.8955606584533253
3.5433781403419626
3.7986506454452686
3.719469399397644
3.3514926141030497
3.5433781403419626
2.7052289602830335
3.4184394037336627
4.196590654117307
4.020499395061625
4.020499395061625
3.594530662789344
3.2188670488284585
4.196590654117307
3.652522609767031
4.196590654117307
4.196590654117307
3.1174094080696815
3.8955606584533253
4.020499395061625
4.020499395061625
4.020499395061625
2.9661417327390325
2.8955606584533253
3.8955606584533253
3.4184394037336627
3.7986506454452686
4.020499395061625
3.719469399397644
4.497620649781288
3.1965906541173066
4.497620649781288
3.652522609767031
4.497620649781288
3.3215293907256065
1.9294189257142926
2.5891356309026374
2.9178370531644773
2.558101397162669
4.497620649781288
4.196590654117307
4.020499395061625
2.357741563380051
2.9791067099034
4.020499395061625
4.020499395061625
3.2188670488284585
3.497620649781288
3.4562279646230625
3.8955606584533253
3.7986506454452686
3.594530662789344
3.5433781403419626
2.9791067099034
4.020499395061625
4.020499395061625
3.4562279646230625
3.7986506454452686
3.7986506454452686
3.7986506454452686
3.7986506454452686
3.719469399397644
3.594530662789344
4.497620649781288
2.568201724066995
3.3514926141030497
3.719469399397644
3.719469399397644
3.719469399397644
3.497620649781288
2.7572579602870437
1.0727390131502208
1.098293117622609
1.1417861538963516
4.196590654117307
3.594530662789344
2.568201724066995
4.020499395061625
3.7986506454452686
3.3215293907256065
4.196590654117307
4.497620649781288
4.497620649781288
4.497620649781288
4.497620649781288
4.497620649781288
4.497620649781288
4.196590654117307
2.844408136005944
3.719469399397644
3.2423481446779814
3.652522609767031
3.594530662789344
4.497620649781288
4.020499395061625
2.884836793061552
3.719469399397644
3.0204993950616252
3.2671717284030133
3.4184394037336627
2.864152194201701
3.719469399397644
3.09968064110925
3.719469399397644
3.5433781403419626
3.719469399397644
4.020499395061625
3.7986506454452686
3.1754013550473683
3.1965906541173066
3.293500667125363
3.0662568856223
3.8955606584533253
4.497620649781288
3.2188670488284585
4.497620649781288
4.497620649781288
3.09968064110925
2.8955606584533253
3.4562279646230625
4.020499395061625
2.807424569752774
3.3514926141030497
4.020499395061625
4.196590654117307
4.196590654117307
3.4184394037336627
3.4562279646230625
4.020499395061625
3.7986506454452686
3.652522609767031
3.0826473018104696
4.020499395061625
4.020499395061625
3.3514926141030497
4.020499395061625
4.020499395061625
3.3514926141030497
2.9791067099034
3.652522609767031
4.196590654117307
3.719469399397644
4.196590654117307
3.2671717284030133
3.497620649781288
4.020499395061625
2.9661417327390325
3.7986506454452686
4.196590654117307
3.7986506454452686
4.196590654117307
4.196590654117307
4.020499395061625
2.9178370531644773
3.5433781403419626
2.1571765349411693
2.6780767142394186
4.196590654117307
4.196590654117307
4.196590654117307
3.497620649781288
3.0204993950616252
3.2188670488284585
3.383677297474451
3.4562279646230625
3.2671717284030133
4.196590654117307
4.196590654117307
4.196590654117307
4.196590654117307
4.196590654117307
3.3514926141030497
3.1551979689590812
2.658771559044032
3.0352226518823313
3.2671717284030133
2.8163794124057002
3.5433781403419626
3.719469399397644
4.196590654117307
3.7986506454452686
2.0996806411092503
3.719469399397644
3.383677297474451
2.9178370531644773
2.7816173061464884
3.7986506454452686
3.0062589559470148
3.4184394037336627
3.0826473018104696
2.941318149014
3.8955606584533253
2.1879904823553886
2.8163794124057002
4.020499395061625
2.3303033150331114
3.2188670488284585
3.652522609767031
3.1358928137636943
3.4184394037336627
4.020499395061625
2.790050473683351
4.020499395061625
3.7986506454452686
2.6283889300503116
4.020499395061625
3.8955606584533253
4.196590654117307
3.7986506454452686
3.383677297474451
3.8955606584533253
3.8955606584533253
4.196590654117307
3.8955606584533253
3.0204993950616252
2.578542557405214
3.3215293907256065
3.1358928137636943
3.383677297474451
3.7986506454452686
3.3215293907256065
2.6463623010622124
2.7052289602830335
3.2671717284030133
4.020499395061625
4.020499395061625
4.020499395061625
1.8890946162040936
3.652522609767031
4.020499395061625
4.020499395061625
4.020499395061625
3.293500667125363
3.719469399397644
4.020499395061625
3.5433781403419626
3.719469399397644
3.7986506454452686
3.8955606584533253
2.2098189198510614
2.807424569752774
1.551659946203719
3.4562279646230625
4.020499395061625
4.020499395061625
3.7986506454452686
3.0504626184390684
4.020499395061625
3.4562279646230625
4.020499395061625
3.293500667125363
1.524492796181589
3.3215293907256065
2.929418925714293
4.020499395061625
3.7986506454452686
3.0352226518823313
3.4562279646230625
2.884836793061552
3.1551979689590812
3.594530662789344
3.7986506454452686
4.020499395061625
3.594530662789344
3.383677297474451
4.020499395061625
4.020499395061625
3.0504626184390684
1.8273747967071636
4.020499395061625
3.5433781403419626
3.0352226518823313
3.7986506454452686
4.196590654117307
3.7986506454452686
4.196590654117307
3.3215293907256065
3.3215293907256065
3.4184394037336627
3.652522609767031
4.196590654117307
3.5433781403419626
3.383677297474451
3.652522609767031
3.0504626184390684
3.8955606584533253
3.5433781403419626
3.7986506454452686
3.594530662789344
3.383677297474451
3.497620649781288
3.383677297474451
3.594530662789344
4.020499395061625
4.020499395061625
3.719469399397644
3.8955606584533253
3.652522609767031
3.652522609767031
3.719469399397644
4.196590654117307
3.8955606584533253
2.6342977896608315
4.020499395061625
4.020499395061625
3.7986506454452686
3.5433781403419626
3.652522609767031
2.929418925714293
2.929418925714293
2.741745794108796
2.5338328224357323
3.1965906541173066
3.2188670488284585
3.719469399397644
3.719469399397644
3.719469399397644
4.020499395061625
3.8955606584533253
3.8955606584533253
2.9178370531644773
2.941318149014
3.8955606584533253
3.7986506454452686
4.020499395061625
3.719469399397644
3.7986506454452686
3.719469399397644
4.020499395061625
3.594530662789344
4.196590654117307
3.4184394037336627
4.196590654117307
4.196590654117307
4.196590654117307
4.196590654117307
4.196590654117307
4.020499395061625
3.1358928137636943
3.1358928137636943
3.1551979689590812
3.497620649781288
2.929418925714293
3.652522609767031
3.7986506454452686
3.8955606584533253
3.5433781403419626
4.196590654117307
1.0100580895249096
3.0204993950616252
4.020499395061625
2.798650645445269
4.020499395061625
3.2188670488284585
3.3514926141030497
3.8955606584533253
3.594530662789344
3.7986506454452686
3.497620649781288
3.4562279646230625
3.5433781403419626
3.594530662789344
3.719469399397644
2.864152194201701
3.652522609767031
3.719469399397644
4.020499395061625
4.020499395061625
3.1754013550473683
3.7986506454452686
4.196590654117307
4.196590654117307
3.652522609767031
3.4562279646230625
3.8955606584533253
4.196590654117307
1.7858134207400966
1.1884164701108801
3.3514926141030497
3.719469399397644
3.719469399397644
3.1965906541173066
3.3215293907256065
3.4562279646230625
3.652522609767031
2.573341363719406
3.0062589559470148
3.0504626184390684
2.0504626184390684
3.497620649781288
3.8955606584533253
3.8955606584533253
2.218867048828459
3.594530662789344
3.652522609767031
2.2595745466524924
3.5433781403419626
4.020499395061625
4.020499395061625
4.020499395061625
3.5433781403419626
3.2671717284030133
3.7986506454452686
4.020499395061625
3.4184394037336627
4.020499395061625
3.7986506454452686
2.5338328224357323
3.594530662789344
3.719469399397644
3.4562279646230625
4.196590654117307
3.594530662789344
3.7986506454452686
3.383677297474451
4.196590654117307
4.196590654117307
4.196590654117307
3.2188670488284585
4.020499395061625
4.020499395061625
4.020499395061625
3.2671717284030133
3.1358928137636943
3.2423481446779814
3.7986506454452686
3.4562279646230625
3.4184394037336627
1.8923156036401783
3.497620649781288
3.7986506454452686
3.652522609767031
3.719469399397644
3.652522609767031
4.020499395061625
3.4184394037336627
1.330894594201236
4.020499395061625
3.0662568856223
3.3514926141030497
3.719469399397644
4.020499395061625
4.020499395061625
4.020499395061625
4.020499395061625
4.020499395061625
4.020499395061625
4.020499395061625
2.7052289602830335
4.196590654117307
4.196590654117307
3.594530662789344
3.8955606584533253
4.196590654117307
4.196590654117307
3.8955606584533253
3.4184394037336627
4.196590654117307
4.196590654117307
4.020499395061625
4.020499395061625
4.020499395061625
3.1965906541173066
3.5433781403419626
2.798650645445269
4.196590654117307
4.196590654117307
3.0504626184390684
4.196590654117307
4.196590654117307
4.196590654117307
3.8955606584533253
3.8955606584533253
3.8955606584533253
3.4184394037336627
3.497620649781288
3.3514926141030497
4.020499395061625
4.020499395061625
4.020499395061625
4.196590654117307
3.652522609767031
4.196590654117307
4.196590654117307
3.719469399397644
4.020499395061625
4.020499395061625
3.5433781403419626
3.594530662789344
2.941318149014
3.7986506454452686
4.020499395061625
3.8955606584533253
1.0450675865523624
4.020499395061625
3.8955606584533253
4.020499395061625
4.020499395061625
4.020499395061625
3.594530662789344
4.020499395061625
4.020499395061625
4.020499395061625
4.020499395061625
4.020499395061625
2.3273589343863303
4.020499395061625
4.020499395061625
3.652522609767031
4.020499395061625
3.5433781403419626
3.5433781403419626
3.0204993950616252
3.719469399397644
3.719469399397644
3.719469399397644
3.8955606584533253
3.719469399397644
2.8955606584533253
3.7986506454452686
4.020499395061625
4.196590654117307
4.196590654117307
4.196590654117307
3.1965906541173066
3.7986506454452686
4.196590654117307
3.5433781403419626
4.020499395061625
3.594530662789344
4.020499395061625
3.594530662789344
3.719469399397644
2.28277680173359
3.497620649781288
3.8955606584533253
3.8955606584533253
2.6651117370750512
3.8955606584533253
3.09968064110925
3.719469399397644
3.383677297474451
3.8955606584533253
3.8955606584533253
4.196590654117307
4.020499395061625
4.196590654117307
4.196590654117307
4.196590654117307
3.2423481446779814
3.8955606584533253
3.5433781403419626
3.719469399397644
3.719469399397644
3.8955606584533253
4.196590654117307
3.4562279646230625
3.7986506454452686
4.020499395061625
4.020499395061625
3.8955606584533253
3.2188670488284585
3.09968064110925
4.020499395061625
3.594530662789344
3.7986506454452686
4.020499395061625
3.3514926141030497
3.8955606584533253
3.8955606584533253
4.020499395061625
3.497620649781288
2.749432622775087
4.196590654117307
4.196590654117307
1.455833330809536
4.196590654117307
3.719469399397644
3.594530662789344
3.293500667125363
3.594530662789344
3.2188670488284585
3.3514926141030497
4.020499395061625
3.8955606584533253
3.8955606584533253
4.196590654117307
3.719469399397644
4.196590654117307
4.196590654117307
3.4562279646230625
2.1571765349411693
4.020499395061625
3.8955606584533253
4.020499395061625
3.383677297474451
3.8955606584533253
3.8955606584533253
3.8955606584533253
3.8955606584533253
3.8955606584533253
3.0504626184390684
3.2188670488284585
3.594530662789344
3.1358928137636943
3.719469399397644
3.719469399397644
3.8955606584533253
3.8955606584533253
3.719469399397644
3.8955606584533253
3.8955606584533253
3.652522609767031
3.7986506454452686
3.2671717284030133
3.7986506454452686
4.020499395061625
3.5433781403419626
4.020499395061625
3.594530662789344
3.7986506454452686
4.020499395061625
3.8955606584533253
3.2423481446779814
3.0204993950616252
3.719469399397644
3.497620649781288
4.196590654117307
3.7986506454452686
4.020499395061625
3.594530662789344
4.020499395061625
3.0204993950616252
4.020499395061625
3.652522609767031
3.8955606584533253
4.020499395061625
4.196590654117307
3.1965906541173066
3.8955606584533253
3.8955606584533253
2.726768638139143
3.8955606584533253
3.7986506454452686
4.020499395061625
4.020499395061625
3.7986506454452686
2.9661417327390325
2.599993558490846
4.020499395061625
3.719469399397644
4.020499395061625
3.719469399397644
4.020499395061625
4.020499395061625
3.3514926141030497
3.719469399397644
3.5433781403419626
4.020499395061625
4.020499395061625
3.2671717284030133
4.020499395061625
4.020499395061625
3.383677297474451
4.020499395061625
4.020499395061625
4.020499395061625
4.020499395061625
3.7986506454452686
4.020499395061625
4.196590654117307
3.7986506454452686
4.196590654117307
4.196590654117307
2.436922809427676
4.196590654117307
2.82552279184557
3.719469399397644
2.884836793061552
3.1174094080696815
3.8955606584533253
3.8955606584533253
3.8955606584533253
3.5433781403419626
3.383677297474451
3.383677297474451
3.7986506454452686
3.719469399397644
2.304496051426826
3.8955606584533253
4.020499395061625
3.652522609767031
3.652522609767031
3.4184394037336627
4.020499395061625
3.1754013550473683
3.8955606584533253
3.293500667125363
3.719469399397644
3.497620649781288
3.4562279646230625
1.0041625987860994
3.4562279646230625
4.020499395061625
4.020499395061625
4.020499395061625
4.020499395061625
4.020499395061625
4.196590654117307
3.719469399397644
3.594530662789344
3.652522609767031
3.1551979689590812
3.1358928137636943
4.497620649781288
4.196590654117307
3.4562279646230625
3.4184394037336627
2.9791067099034
3.2671717284030133
4.497620649781288
4.497620649781288
3.1965906541173066
4.497620649781288
4.497620649781288
4.497620649781288
4.497620649781288
4.497620649781288
4.196590654117307
4.497620649781288
4.020499395061625
3.8955606584533253
4.196590654117307
3.719469399397644
4.020499395061625
4.020499395061625
3.8955606584533253
3.8955606584533253
4.196590654117307
3.8955606584533253
3.652522609767031
4.196590654117307
4.020499395061625
3.7986506454452686
4.497620649781288
3.594530662789344
4.497620649781288
4.497620649781288
4.196590654117307
4.196590654117307
4.196590654117307
3.1965906541173066
1.3740956688385557
4.196590654117307
4.020499395061625
3.1754013550473683
2.0161780212789826
3.497620649781288
4.020499395061625
4.020499395061625
4.196590654117307
4.196590654117307
3.8955606584533253
4.196590654117307
3.719469399397644
4.196590654117307
2.56312219853772
2.874371359383387
3.383677297474451
3.594530662789344
4.196590654117307
4.196590654117307
3.8955606584533253
3.8955606584533253
3.8955606584533253
4.497620649781288
4.196590654117307
4.497620649781288
4.497620649781288
3.3215293907256065
1.3294179029386568
3.594530662789344
3.8955606584533253
4.196590654117307
3.5433781403419626
3.7986506454452686
4.020499395061625
3.719469399397644
4.020499395061625
3.8955606584533253
3.719469399397644
3.3514926141030497
2.280136705567381
3.652522609767031
3.0352226518823313
3.7986506454452686
4.196590654117307
3.4184394037336627
3.7986506454452686
2.671545847080461
3.09968064110925
4.020499395061625
4.020499395061625
3.497620649781288
3.652522609767031
4.497620649781288
4.196590654117307
1.4868967843895144
2.941318149014
4.020499395061625
4.196590654117307
3.652522609767031
3.8955606584533253
4.196590654117307
4.497620649781288
4.196590654117307
3.4184394037336627
4.497620649781288
4.497620649781288
3.652522609767031
4.196590654117307
4.196590654117307
4.196590654117307
4.196590654117307
4.196590654117307
4.196590654117307
2.497620649781288
4.196590654117307
4.196590654117307
4.196590654117307
4.196590654117307
4.196590654117307
3.7986506454452686
3.09968064110925
4.196590654117307
4.497620649781288
4.196590654117307
3.594530662789344
4.196590654117307
4.196590654117307
3.5433781403419626
3.594530662789344
1.9661417327390325
4.497620649781288
4.497620649781288
4.196590654117307
2.7052289602830335
4.020499395061625
4.497620649781288
4.497620649781288
3.0204993950616252
3.4562279646230625
3.1358928137636943
3.7986506454452686
3.8955606584533253
1.7943292716626262
2.7733447801804987
1.8502376796666677
3.383677297474451
4.196590654117307
4.196590654117307
4.196590654117307
4.196590654117307
4.196590654117307
4.020499395061625
3.652522609767031
4.196590654117307
4.497620649781288
3.7986506454452686
4.497620649781288
3.719469399397644
2.3609000826248807
4.020499395061625
3.0504626184390684
4.497620649781288
4.196590654117307
2.167206876432097
4.196590654117307
3.594530662789344
4.196590654117307
4.196590654117307
4.196590654117307
4.196590654117307
4.196590654117307
3.8955606584533253
3.594530662789344
3.7986506454452686
2.8348628180997135
4.196590654117307
2.7052289602830335
4.196590654117307
3.4184394037336627
4.196590654117307
4.196590654117307
3.5433781403419626
1.4491788462308832
4.497620649781288
3.3514926141030497
2.3514926141030497
4.020499395061625
4.497620649781288
4.497620649781288
4.020499395061625
4.020499395061625
4.497620649781288
4.196590654117307
3.3514926141030497
4.196590654117307
3.8955606584533253
4.196590654117307
4.497620649781288
4.497620649781288
4.497620649781288
4.196590654117307
1.5300726735624255
4.196590654117307
3.7986506454452686
4.196590654117307
4.196590654117307
2.594530662789344
4.196590654117307
4.196590654117307
4.196590654117307
4.196590654117307
4.196590654117307
4.196590654117307
3.719469399397644
3.7986506454452686
3.0352226518823313
3.719469399397644
1.396217299225957
3.594530662789344
3.8955606584533253
3.652522609767031
3.8955606584533253
3.719469399397644
2.73419265621835
4.196590654117307
4.196590654117307
4.497620649781288
4.497620649781288
4.497620649781288
4.196590654117307
3.8955606584533253
1.192269280334664
4.196590654117307
4.196590654117307
4.196590654117307
4.497620649781288
4.020499395061625
4.497620649781288
3.7986506454452686
4.020499395061625
4.020499395061625
4.020499395061625
4.020499395061625
4.497620649781288
4.497620649781288
4.196590654117307
4.196590654117307
4.196590654117307
1.822759509043476
4.196590654117307
3.1358928137636943
4.497620649781288
3.1754013550473683
4.497620649781288
4.020499395061625
3.594530662789344
4.497620649781288
4.497620649781288
4.497620649781288
4.497620649781288
4.196590654117307
3.1551979689590812
2.573341363719406
4.497620649781288
4.497620649781288
3.4562279646230625
4.196590654117307
4.497620649781288
3.8955606584533253
3.652522609767031
3.719469399397644
3.719469399397644
4.497620649781288
4.497620649781288
4.196590654117307
4.497620649781288
4.196590654117307
3.719469399397644
4.196590654117307
3.594530662789344
4.196590654117307
2.400710636773231
3.8955606584533253
3.1754013550473683
3.7986506454452686
3.8955606584533253
4.196590654117307
3.2671717284030133
4.196590654117307
3.2671717284030133
3.719469399397644
3.7986506454452686
3.7986506454452686
3.4184394037336627
3.8955606584533253
4.196590654117307
4.196590654117307
4.196590654117307
4.196590654117307
3.7986506454452686
3.7986506454452686
3.7986506454452686
4.196590654117307
4.020499395061625
3.2671717284030133
3.8955606584533253
4.020499395061625
4.020499395061625
3.7986506454452686
3.497620649781288
3.719469399397644
4.020499395061625
4.196590654117307
4.196590654117307
3.8955606584533253
4.196590654117307
4.196590654117307
4.497620649781288
3.1551979689590812
3.594530662789344
3.652522609767031
3.8955606584533253
3.8955606584533253
3.8955606584533253
2.9791067099034
4.497620649781288
4.497620649781288
3.383677297474451
3.719469399397644
3.7986506454452686
4.020499395061625
4.020499395061625
4.020499395061625
4.497620649781288
4.020499395061625
4.196590654117307
4.196590654117307
4.020499395061625
4.196590654117307
2.807424569752774
4.196590654117307
2.9791067099034
2.139685802780834
2.5063945740887927
2.953552605431012
4.497620649781288
4.497620649781288
4.497620649781288
4.196590654117307
4.497620649781288
4.497620649781288
3.7986506454452686
3.7986506454452686
3.8955606584533253
4.196590654117307
4.020499395061625
3.497620649781288
4.497620649781288
4.497620649781288
3.8955606584533253
3.7986506454452686
3.594530662789344
4.497620649781288
4.196590654117307
4.497620649781288
3.7986506454452686
4.497620649781288
4.497620649781288
3.3215293907256065
4.497620649781288
3.3514926141030497
3.3514926141030497
3.7986506454452686
4.497620649781288
4.196590654117307
4.196590654117307
4.020499395061625
4.020499395061625
3.8955606584533253
4.020499395061625
3.719469399397644
3.3514926141030497
3.594530662789344
3.4184394037336627
2.929418925714293
4.196590654117307
3.7986506454452686
4.196590654117307
3.652522609767031
4.196590654117307
3.5433781403419626
4.497620649781288
3.8955606584533253
4.497620649781288
4.196590654117307
3.719469399397644
4.196590654117307
2.941318149014
4.196590654117307
4.196590654117307
1.6761071213765146
4.196590654117307
4.497620649781288
3.719469399397644
4.497620649781288
3.7986506454452686
4.196590654117307
4.196590654117307
4.196590654117307
2.40771553834189
2.874371359383387
4.497620649781288
4.497620649781288
4.020499395061625
3.7986506454452686
3.719469399397644
4.196590654117307
1.14679137619832
4.020499395061625
4.020499395061625
4.497620649781288
3.7986506454452686
4.497620649781288
4.020499395061625
4.020499395061625
4.196590654117307
3.652522609767031
3.719469399397644
4.497620649781288
4.497620649781288
4.497620649781288
2.884836793061552
3.1965906541173066
4.020499395061625
4.020499395061625
3.5433781403419626
3.8955606584533253
4.497620649781288
4.020499395061625
4.020499395061625
4.020499395061625
3.09968064110925
4.020499395061625
4.196590654117307
3.2423481446779814
4.196590654117307
4.497620649781288
4.497620649781288
4.497620649781288
3.7986506454452686
4.196590654117307
4.196590654117307
4.196590654117307
4.020499395061625
4.020499395061625
4.020499395061625
4.020499395061625
3.7986506454452686
4.196590654117307
4.497620649781288
4.497620649781288
2.2447676188013945
4.196590654117307
4.497620649781288
4.196590654117307
4.020499395061625
4.196590654117307
3.7986506454452686
3.5433781403419626
4.497620649781288
4.497620649781288
4.497620649781288
3.719469399397644
3.594530662789344
4.020499395061625
3.3215293907256065
3.7986506454452686
4.497620649781288
4.497620649781288
4.196590654117307
4.497620649781288
4.196590654117307
4.020499395061625
4.497620649781288
4.196590654117307
4.020499395061625
3.8955606584533253
3.8955606584533253
3.2188670488284585
3.8955606584533253
4.497620649781288
4.020499395061625
3.719469399397644
3.594530662789344
4.497620649781288
4.497620649781288
3.719469399397644
4.020499395061625
4.196590654117307
4.196590654117307
4.196590654117307
4.020499395061625
4.196590654117307
4.497620649781288
3.8955606584533253
4.497620649781288
4.196590654117307
2.864152194201701
4.196590654117307
4.196590654117307
3.594530662789344
4.497620649781288
2.0662568856223
4.497620649781288
3.2423481446779814
3.8955606584533253
3.8955606584533253
4.196590654117307
3.0504626184390684
3.8955606584533253
3.8955606584533253
3.0062589559470148
4.196590654117307
4.196590654117307
3.1551979689590812
3.8955606584533253
3.8955606584533253
3.3215293907256065
4.497620649781288
4.497620649781288
4.196590654117307
4.497620649781288
3.8955606584533253
4.497620649781288
4.497620649781288
3.5433781403419626
4.196590654117307
4.196590654117307
4.196590654117307
4.497620649781288
4.497620649781288
3.7986506454452686
4.020499395061625
4.497620649781288
4.497620649781288
4.196590654117307
4.196590654117307
3.383677297474451
4.196590654117307
4.497620649781288
4.497620649781288
1.2870346248761313
3.7986506454452686
4.196590654117307
4.497620649781288
4.196590654117307
4.497620649781288
4.497620649781288
4.497620649781288
4.497620649781288
4.497620649781288
3.4184394037336627
3.594530662789344
4.497620649781288
4.497620649781288
3.5433781403419626
4.497620649781288
4.196590654117307
4.196590654117307
3.7986506454452686
4.196590654117307
3.8955606584533253
4.497620649781288
4.497620649781288
4.020499395061625
4.497620649781288
4.497620649781288
4.020499395061625
4.497620649781288
4.196590654117307
3.7986506454452686
3.7986506454452686
4.497620649781288
4.497620649781288
4.497620649781288
4.020499395061625
4.020499395061625
4.020499395061625
4.020499395061625
4.020499395061625
4.196590654117307
4.196590654117307
4.196590654117307
4.196590654117307
4.196590654117307
4.196590654117307
2.0910804693473324
4.196590654117307
4.497620649781288
4.497620649781288
4.497620649781288
4.497620649781288
4.196590654117307
4.196590654117307
4.497620649781288
4.497620649781288
4.497620649781288
4.196590654117307
4.196590654117307
4.497620649781288
4.020499395061625
3.1358928137636943
4.196590654117307
4.497620649781288
4.497620649781288
4.196590654117307
4.497620649781288
4.497620649781288
3.1551979689590812
3.719469399397644
3.8955606584533253
3.652522609767031
2.167206876432097
3.4562279646230625
4.196590654117307
4.020499395061625
1.937714024745175
4.020499395061625
4.196590654117307
4.196590654117307
4.196590654117307
3.8955606584533253
4.497620649781288
4.196590654117307
4.497620649781288
3.594530662789344
4.196590654117307
4.020499395061625
4.020499395061625
4.020499395061625
4.020499395061625
4.497620649781288
4.497620649781288
4.497620649781288
4.497620649781288
4.497620649781288
4.497620649781288
3.1358928137636943
4.196590654117307
3.594530662789344
4.196590654117307
4.497620649781288
4.196590654117307
1.3634435422045212
4.497620649781288
4.196590654117307
4.196590654117307
4.196590654117307
4.196590654117307
4.196590654117307
3.719469399397644
4.196590654117307
2.6651117370750512
3.719469399397644
3.7986506454452686
4.196590654117307
4.196590654117307
3.652522609767031
3.7986506454452686
3.4184394037336627
2.7052289602830335
4.196590654117307
3.652522609767031
3.652522609767031
4.196590654117307
4.497620649781288
4.497620649781288
4.020499395061625
4.497620649781288
4.497620649781288
4.196590654117307
4.497620649781288
4.497620649781288
4.196590654117307
4.196590654117307
3.4184394037336627
4.196590654117307
4.196590654117307
4.196590654117307
4.196590654117307
4.196590654117307
4.497620649781288
4.020499395061625
3.719469399397644
4.196590654117307
4.196590654117307
3.8955606584533253
3.8955606584533253
1.6414962055389872
4.196590654117307
4.497620649781288
3.0826473018104696
4.497620649781288
4.497620649781288
4.497620649781288
4.497620649781288
4.497620649781288
3.7986506454452686
4.196590654117307
4.497620649781288
4.196590654117307
4.196590654117307
4.196590654117307
2.2053645784248115
4.497620649781288
3.594530662789344
4.497620649781288
4.497620649781288
4.497620649781288
4.497620649781288
4.497620649781288
3.5433781403419626
3.719469399397644
3.8955606584533253
4.497620649781288
4.196590654117307
4.497620649781288
4.497620649781288
4.020499395061625
3.7986506454452686
4.020499395061625
4.020499395061625
4.020499395061625
4.497620649781288
4.497620649781288
3.8955606584533253
3.4184394037336627
4.196590654117307
4.196590654117307
4.196590654117307
4.497620649781288
4.497620649781288
3.4562279646230625
4.497620649781288
1.4670209278153366
4.196590654117307
4.497620649781288
3.497620649781288
3.5433781403419626
4.497620649781288
3.497620649781288
4.196590654117307
4.497620649781288
4.497620649781288
3.7986506454452686
4.020499395061625
4.196590654117307
4.196590654117307
4.196590654117307
4.196590654117307
4.196590654117307
4.196590654117307
3.7986506454452686
3.652522609767031
4.196590654117307
3.594530662789344
4.196590654117307
4.196590654117307
3.5433781403419626
4.196590654117307
4.196590654117307
3.7986506454452686
4.196590654117307
2.4723147845165174
4.196590654117307
4.196590654117307
4.196590654117307
4.196590654117307
3.8955606584533253
3.8955606584533253
3.8955606584533253
3.8955606584533253
3.7986506454452686
4.196590654117307
4.196590654117307
4.196590654117307
4.196590654117307
4.196590654117307
4.196590654117307
4.196590654117307
4.497620649781288
3.8955606584533253
4.020499395061625
4.196590654117307
3.652522609767031
4.497620649781288
3.719469399397644
4.020499395061625
4.196590654117307
4.196590654117307
4.196590654117307
3.8955606584533253
4.196590654117307
3.8955606584533253
4.196590654117307
3.652522609767031
4.196590654117307
3.652522609767031
3.719469399397644
2.7652268899583192
4.196590654117307
3.8955606584533253
4.196590654117307
4.020499395061625
4.196590654117307
4.196590654117307
4.020499395061625
3.8955606584533253
3.7986506454452686
3.7986506454452686
4.196590654117307
3.0504626184390684
3.8955606584533253
4.196590654117307
4.196590654117307
4.020499395061625
3.652522609767031
3.652522609767031
4.196590654117307
2.0412546166522443
3.8955606584533253
3.7986506454452686
4.020499395061625
4.020499395061625
4.196590654117307
4.196590654117307
4.196590654117307
3.4562279646230625
4.196590654117307
4.497620649781288
4.497620649781288
4.497620649781288
4.497620649781288
4.196590654117307
4.196590654117307
4.196590654117307
4.196590654117307
4.497620649781288
1.6445311199294221
3.719469399397644
3.594530662789344
4.020499395061625
4.196590654117307
3.8955606584533253
4.497620649781288
4.497620649781288
4.497620649781288
4.497620649781288
4.497620649781288
4.497620649781288
4.497620649781288
4.196590654117307
4.196590654117307
4.196590654117307
4.020499395061625
3.719469399397644
3.8955606584533253
3.1965906541173066
4.196590654117307
4.196590654117307
3.8955606584533253
4.196590654117307
4.497620649781288
4.497620649781288
4.196590654117307
3.7986506454452686
3.594530662789344
4.196590654117307
4.196590654117307
3.719469399397644
4.196590654117307
4.196590654117307
4.196590654117307
4.196590654117307
4.196590654117307
4.196590654117307
4.497620649781288
4.497620649781288
4.497620649781288
4.497620649781288
4.497620649781288
4.497620649781288
3.8955606584533253
4.497620649781288
4.196590654117307
4.196590654117307
4.196590654117307
3.8955606584533253
4.196590654117307
4.196590654117307
4.196590654117307
4.196590654117307
3.7986506454452686
4.196590654117307
4.020499395061625
3.8955606584533253
4.196590654117307
2.9661417327390325
4.196590654117307
4.196590654117307
4.497620649781288
4.497620649781288
4.020499395061625
4.196590654117307
4.196590654117307
4.497620649781288
4.497620649781288
4.196590654117307
4.196590654117307
4.196590654117307
4.196590654117307
4.497620649781288
4.497620649781288
4.497620649781288
4.196590654117307
4.196590654117307
4.196590654117307
4.497620649781288
4.497620649781288
4.497620649781288
4.497620649781288
3.8955606584533253
4.020499395061625
4.497620649781288
4.196590654117307
4.196590654117307
4.196590654117307
4.196590654117307
3.2423481446779814
4.020499395061625
4.020499395061625
4.020499395061625
4.020499395061625
3.594530662789344
4.497620649781288
4.196590654117307
3.7986506454452686
4.196590654117307
4.196590654117307
4.196590654117307
4.020499395061625
4.196590654117307
4.020499395061625
3.652522609767031
3.497620649781288
4.196590654117307
3.7986506454452686
3.7986506454452686
4.196590654117307
4.196590654117307
4.196590654117307
4.196590654117307
4.196590654117307
4.196590654117307
4.020499395061625
4.020499395061625
4.196590654117307
4.497620649781288
3.5433781403419626
4.497620649781288
4.020499395061625
4.020499395061625
4.497620649781288
4.497620649781288
4.497620649781288
4.196590654117307
4.196590654117307
4.196590654117307
3.7986506454452686
4.196590654117307
4.196590654117307
4.020499395061625
4.020499395061625
4.020499395061625
4.020499395061625
3.7986506454452686
3.652522609767031
3.8955606584533253
3.719469399397644
4.497620649781288
4.497620649781288
4.497620649781288
4.497620649781288
3.383677297474451
4.497620649781288
4.020499395061625
3.652522609767031
4.196590654117307
4.020499395061625
4.020499395061625
4.020499395061625
4.020499395061625
4.020499395061625
4.020499395061625
4.020499395061625
4.020499395061625
3.5433781403419626
1.9329545855291985
3.1965906541173066
4.020499395061625
4.020499395061625
3.652522609767031
3.4184394037336627
4.020499395061625
4.020499395061625
4.020499395061625
4.020499395061625
4.020499395061625
4.020499395061625
4.020499395061625
4.497620649781288
4.497620649781288
4.497620649781288
3.594530662789344
4.497620649781288
4.497620649781288
4.020499395061625
4.020499395061625
4.020499395061625
4.020499395061625
4.020499395061625
4.020499395061625
3.652522609767031
4.020499395061625
4.020499395061625
4.020499395061625
4.497620649781288
4.020499395061625
3.1754013550473683
4.196590654117307
4.196590654117307
3.2423481446779814
4.196590654117307
4.497620649781288
4.497620649781288
4.497620649781288
4.497620649781288
4.497620649781288
4.497620649781288
4.497620649781288
4.497620649781288
4.497620649781288
4.497620649781288
3.383677297474451
4.497620649781288
4.196590654117307
3.7986506454452686
4.497620649781288
4.020499395061625
4.497620649781288
4.497620649781288
2.82552279184557
4.497620649781288
4.497620649781288
3.383677297474451
4.196590654117307
4.196590654117307
2.953552605431012
4.196590654117307
4.196590654117307
3.652522609767031
4.497620649781288
4.196590654117307
4.020499395061625
4.020499395061625
3.719469399397644
3.0062589559470148
4.196590654117307
4.196590654117307
4.196590654117307
4.196590654117307
4.497620649781288
4.196590654117307
4.196590654117307
4.497620649781288
4.196590654117307
3.293500667125363
2.884836793061552
4.196590654117307
4.196590654117307
4.497620649781288
4.196590654117307
4.196590654117307
4.196590654117307
4.196590654117307
4.196590654117307
4.497620649781288
4.497620649781288
1.292416285833143
3.2423481446779814
4.497620649781288
4.497620649781288
4.497620649781288
4.196590654117307
4.196590654117307
3.719469399397644
3.5433781403419626
4.196590654117307
4.196590654117307
4.196590654117307
4.020499395061625
4.196590654117307
4.497620649781288
2.9065560427547883
4.497620649781288
4.497620649781288
4.497620649781288
3.1965906541173066
4.497620649781288
3.8955606584533253
4.196590654117307
4.196590654117307
4.196590654117307
4.497620649781288
4.497620649781288
4.196590654117307
4.196590654117307
4.196590654117307
4.196590654117307
4.196590654117307
4.497620649781288
4.497620649781288
3.8955606584533253
4.196590654117307
4.497620649781288
4.020499395061625
4.497620649781288
4.497620649781288
4.497620649781288
4.497620649781288
4.497620649781288
4.497620649781288
4.497620649781288
4.196590654117307
4.497620649781288
4.196590654117307
3.594530662789344
2.9791067099034
4.196590654117307
3.2188670488284585
4.497620649781288
4.497620649781288
4.497620649781288
4.196590654117307
4.196590654117307
4.196590654117307
4.196590654117307
4.196590654117307
4.196590654117307
4.497620649781288
2.594530662789344
4.497620649781288
4.196590654117307
4.196590654117307
4.497620649781288
4.497620649781288
4.497620649781288
4.497620649781288
4.497620649781288
4.020499395061625
4.497620649781288
3.7986506454452686
4.196590654117307
4.196590654117307
3.8955606584533253
4.196590654117307
4.196590654117307
3.8955606584533253
4.497620649781288
3.8955606584533253
4.497620649781288
3.719469399397644
4.497620649781288
4.196590654117307
1.9897647780854566
4.497620649781288
3.8955606584533253
3.8955606584533253
3.8955606584533253
4.497620649781288
4.497620649781288
4.497620649781288
3.5433781403419626
4.497620649781288
4.196590654117307
4.196590654117307
4.497620649781288
3.7986506454452686
4.497620649781288
3.1965906541173066
4.196590654117307
3.497620649781288
2.6225593863895877
2.929418925714293
3.0352226518823313
2.0090699332808435
4.497620649781288
4.497620649781288
4.497620649781288
4.497620649781288
4.196590654117307
4.196590654117307
4.497620649781288
4.497620649781288
4.020499395061625
4.497620649781288
3.719469399397644
4.196590654117307
4.196590654117307
3.8955606584533253
3.8955606584533253
3.594530662789344
4.497620649781288
4.497620649781288
3.5433781403419626
4.497620649781288
4.196590654117307
4.497620649781288
4.497620649781288
4.497620649781288
4.196590654117307
4.497620649781288
2.218867048828459
4.196590654117307
4.497620649781288
3.8955606584533253
4.196590654117307
3.719469399397644
4.497620649781288
4.497620649781288
4.196590654117307
4.020499395061625
4.020499395061625
4.497620649781288
4.497620649781288
3.719469399397644
4.497620649781288
3.8955606584533253
4.497620649781288
4.196590654117307
4.497620649781288
4.497620649781288
4.020499395061625
3.8955606584533253
4.020499395061625
4.497620649781288
4.497620649781288
4.497620649781288
4.497620649781288
4.497620649781288
4.497620649781288
4.497620649781288
4.497620649781288
4.497620649781288
4.497620649781288
4.497620649781288
4.497620649781288
4.497620649781288
4.497620649781288
4.497620649781288
4.497620649781288
4.497620649781288
4.497620649781288
4.497620649781288
4.497620649781288
4.497620649781288
4.497620649781288
4.497620649781288
4.497620649781288
4.497620649781288
3.5433781403419626
4.497620649781288
4.497620649781288
4.497620649781288
4.497620649781288
4.497620649781288
4.497620649781288
4.497620649781288
4.497620649781288
4.497620649781288
4.497620649781288
4.196590654117307
4.196590654117307
2.749432622775087
4.497620649781288
4.497620649781288
4.196590654117307
4.020499395061625
3.1754013550473683
4.497620649781288
4.497620649781288
4.497620649781288
2.0614580027405314
4.497620649781288
4.497620649781288
4.497620649781288
4.497620649781288
3.652522609767031
4.497620649781288
4.497620649781288
4.497620649781288
4.497620649781288
3.652522609767031
4.497620649781288
4.497620649781288
4.497620649781288
4.497620649781288
4.497620649781288
4.497620649781288
4.497620649781288
4.497620649781288
2.953552605431012
4.497620649781288
4.497620649781288
2.844408136005944
4.497620649781288
4.497620649781288
4.497620649781288
4.497620649781288
4.020499395061625
3.652522609767031
4.497620649781288
4.497620649781288
4.497620649781288
4.497620649781288
4.497620649781288
3.8955606584533253
4.497620649781288
4.497620649781288
4.497620649781288
4.497620649781288
4.497620649781288
4.497620649781288
4.497620649781288
4.020499395061625
4.196590654117307
4.497620649781288
4.020499395061625
4.196590654117307
4.020499395061625
4.196590654117307
3.5433781403419626
4.497620649781288
4.497620649781288
4.196590654117307
4.196590654117307
4.196590654117307
4.196590654117307
4.497620649781288
4.196590654117307
4.497620649781288
4.196590654117307
4.497620649781288
4.497620649781288
4.497620649781288
4.020499395061625
4.497620649781288
4.497620649781288
3.8955606584533253
4.196590654117307
4.497620649781288
4.497620649781288
4.497620649781288
4.497620649781288
4.497620649781288
4.497620649781288
4.020499395061625
4.497620649781288
4.497620649781288
4.497620649781288
2.0337276607953805
4.196590654117307
4.196590654117307
4.196590654117307
4.497620649781288
4.497620649781288
4.497620649781288
4.196590654117307
4.196590654117307
4.196590654117307
4.196590654117307
4.196590654117307
4.196590654117307
4.196590654117307
4.196590654117307
4.196590654117307
4.497620649781288
4.497620649781288
4.497620649781288
4.497620649781288
3.719469399397644
4.497620649781288
4.497620649781288
4.497620649781288
4.497620649781288
4.497620649781288
4.497620649781288
4.497620649781288
4.497620649781288
4.497620649781288
4.497620649781288
4.497620649781288
4.497620649781288
4.497620649781288
4.497620649781288
4.497620649781288
4.497620649781288
2.749432622775087
4.497620649781288
4.497620649781288
4.497620649781288
4.497620649781288
4.497620649781288
4.497620649781288
4.497620649781288
4.497620649781288
4.497620649781288
4.497620649781288
4.497620649781288
4.497620649781288
4.497620649781288
3.719469399397644
4.497620649781288
4.497620649781288
4.497620649781288
4.497620649781288
4.497620649781288
4.497620649781288
4.497620649781288
4.497620649781288
4.497620649781288
4.497620649781288
4.497620649781288
4.497620649781288
4.497620649781288
4.497620649781288
4.497620649781288
4.497620649781288
4.497620649781288
4.196590654117307
4.497620649781288
4.497620649781288
4.497620649781288
4.497620649781288
4.497620649781288
4.497620649781288
3.7986506454452686
4.497620649781288
4.497620649781288
4.497620649781288
4.497620649781288
4.497620649781288
4.497620649781288
3.719469399397644
4.196590654117307
4.497620649781288
4.497620649781288
4.020499395061625
4.497620649781288
4.497620649781288
4.497620649781288
2.3484015371259077
4.497620649781288
3.7986506454452686
4.497620649781288
4.497620649781288
4.497620649781288
4.497620649781288
4.497620649781288
4.497620649781288
1.9523135333154635
4.497620649781288
4.497620649781288
4.497620649781288
4.497620649781288
4.497620649781288
4.497620649781288
4.196590654117307
4.196590654117307
4.497620649781288
4.020499395061625
3.7986506454452686
4.497620649781288
4.497620649781288
4.196590654117307
4.196590654117307
4.497620649781288
3.719469399397644
4.497620649781288
4.497620649781288
4.497620649781288
4.497620649781288
4.196590654117307
4.196590654117307
4.497620649781288
4.497620649781288
4.497620649781288
4.497620649781288
4.497620649781288
4.497620649781288
4.497620649781288
4.497620649781288
4.196590654117307
4.497620649781288
4.497620649781288
4.497620649781288
4.497620649781288
4.497620649781288
4.497620649781288
4.497620649781288
2.058287955951025
4.497620649781288
4.497620649781288
2.741745794108796
4.497620649781288
4.497620649781288
4.497620649781288
4.497620649781288
4.497620649781288
4.497620649781288
4.497620649781288
4.497620649781288
2.9065560427547883
4.497620649781288
4.497620649781288
4.497620649781288
4.497620649781288
4.497620649781288
4.497620649781288
4.497620649781288
4.497620649781288
4.497620649781288
4.497620649781288
4.497620649781288