0.2744121469139165
0.31752027256844995
0.29041597481351406
0.2845765027684363
0.3062293921215439
0.28200369706743034
0.32943889349757155
0.28933733762431885
0.2744808729193914
0.38888986136517595
0.3071007966227651
0.3071007966227651
0.28334262658606824
0.355897686266587
0.2814816611567888
0.2755363408228784
0.2696816058440602
0.2696816058440602
0.34545906808215726
0.31022447798955755
0.27530855940448173
0.2913648142679778
0.2733069102878043
0.29632484029440725
0.29628281166243864
0.298672369967971
0.28088672454683844
0.30713592216207236
0.2797129493165093
0.2886192982297685
0.3174004976732375
0.2771478402333968
0.2958908458763725
0.3609182479050611
0.2995571841411472
0.2726346380013552
0.29205400010431576
0.36065300659389715
0.27772243024743387
0.2901834841591229
0.3502464665510184
0.34600606937482725
0.2748184301587722
0.84818083950828
0.26948811485377594
0.2678156462019747
0.289950628622131
0.2932648470958061
0.31402837773627706
0.3362307167178826
0.29896632308962307
0.2709342777078703
0.24778209401046566
0.2998494179942376
0.32717691739078275
0.2561996907690668
0.31869398009275035
0.23432496817378534
0.28987311190194637
0.32124183571159426
0.332795769021534
0.3144576820989825
0.24156091529897175
0.2728475149519967
0.2843876177135712
0.25914088637759464
0.2685203620965835
0.2619978498559421
0.31152664084359294
0.33187872114082567
0.2566526632097051
0.29869465805966605
0.29134769751099493
0.26816868726675247
0.26967150649242144
0.2893229404103022
0.3176463242887853
0.3162472522074944
0.2805164384451467
0.24990615486540535
0.309327896699395
0.26902061257583665
0.26902061257583665
0.26943157518508615
0.3526635465058476
0.26156251308429007
0.3541321083116987
0.2895179638647526
0.32236241603992327
0.26814503138856965
0.29110171237371096
0.2597507198861945
0.26744556082833004
0.32372342040853996
0.2936980417490863
0.2840109403054229
0.2671270027464404
0.27651618288327384
0.31584779679383607
0.30875607109336123
0.2867533064535269
0.3000892576605589
0.84818083950828
0.2658919016123506
0.26842113632904235
0.33806337179887813
0.335021877886297
0.27394763344350687
0.2807098574956663
0.33770493697973786
0.30874822789421275
0.27386610968353525
0.23760145499078697
0.24697711967101602
0.29190462989254806
0.2696217781692164
0.25756639568749723
0.29136982945476764
0.3010697970594934
0.28373371562683003
0.3315154419544234
0.27787294548231545
0.31593569111532166
0.2606264748159192
0.30854306229145695
0.29733964300242527
0.3011640390767637
0.2570971302395911
0.2696816058440602
0.25807836175667187
0.2830250672366328
0.2592437203702207
0.2562398359878416
0.253730590802396
0.32274539895417576
0.26538762360377316
0.23400247723340004
0.29552848092219036
0.2698697230875618
0.28625711266795084
0.25351687137946133
0.28654249091670253
0.27559794607968763
0.2977347564251582
0.24996946335891412
0.2784043280434757
0.261007960566465
0.2649191193029506
0.2551902950351814
0.28304008120213303
0.2471962385297956
0.26424059046077825
0.26319000341674054
0.27046923830045844
0.3006123929500868
0.3029007706909806
0.2849461913856209
0.2849461913856209
0.26305619659585683
0.2749856518378918
0.3178821158745322
0.2944887939074728
0.30771860721617617
0.30316264820062555
0.25208508376917055
0.31696891547975997
0.3063015473804601
0.3071007966227651
0.3071007966227651
0.3054349493298679
0.355897686266587
0.29189108020756827
0.2945201965723823
0.2728816831808814
0.3630144936758068
0.2978809955669875
0.3315359764973399
0.2776294836963668
0.3096178794511104
0.32184552359141344
0.30095485115335113
0.2995978188743782
0.3565351392493243
0.33378095998836205
0.2942095786817823
0.2873517637774072
0.259020202215865
0.31794495585771987
0.2966154522505797
0.26281238915472405
0.2868936076870962
0.3265942705032048
0.3487103948231314
0.2694532220541304
0.29190157499120917
0.31022447798955755
0.2873061084919047
0.3010056412580531
0.2676393820791798
0.27329677946371495
0.29632484029440725
0.29628281166243864
0.3445599482825417
0.2897786722468857
0.2650183512071424
0.28288009646916196
0.2911519266235243
0.2996546505037281
0.2821519045918178
0.34611054226327354
0.2684592562925806
0.2693975168233612
0.3030031478896906
0.29055935523066945
0.28945417010659574
0.2659557643332543
0.30455268323475104
0.300787899889232
0.2731921070851416
0.29484838700254445
0.30240440656924505
0.2988913413111292
0.27111616237363295
0.33906106579732315
0.2808260102314661
0.2894693433329357
0.2647723817251159
0.29415848824214746
0.27452573043166123
0.3609182479050611
0.2583831727245637
0.3040900516186303
0.2726346380013552
0.2836320239803504
0.29632484029440725
0.2810487941419566
0.2901834841591229
0.2972433680084877
0.3023175731328331
0.2676648947696505
0.25736404510272687
0.2954044731476963
0.28397766973894323
0.32506213103382176
0.29745717419819834
0.29782075413230946
0.30194824679207477
0.3166933008813425
0.31608947815861704
0.34667431541258703
0.30017609859287125
0.2949649782526336
0.26166139428977164
0.27934187405083105
0.3042910306436403
0.26505085353550845
0.2733148251998555
0.28279923039188126
0.29233830117006293
0.26246129533116425
0.2695234303157587
0.2852614020589088
0.27840366220497925
0.24639802049296886
0.2685203620965835
0.27062295462727387
0.3138740971797664
0.28130281408305663
0.2713162479204342
0.2997379584905145
0.3047455176946065
0.2827863860176646
0.25766081509914757
0.3079601314065337
0.31668800374415473
0.3635402313176581
0.3540780591996646
0.27989199834796186
0.38346081266829724
0.26816868726675247
0.31000164895126825
0.39995548508198175
0.2886441615840371
0.28050165641220415
0.2879461750613433
0.2661025679104889
0.38104586526679673
0.2921908467862352
0.33445235677006907
0.25948851656337163
0.30292143977239433
0.2721347964234178
0.27463421774963775
0.28958488122393966
0.2824924085975829
0.2554433263134993
0.26902040465130095
0.2747102268157992
0.2807840356386591
0.31132973127539676
0.2515328661523697
0.27218271016633894
0.2706960537205566
0.2796942076681145
0.30774917911749217
0.2953952420580443
0.3162070552694815
0.3797453917541109
0.294142556100387
0.27437704767887205
0.2844543453321923
0.3233388262128266
0.29322583014944636
0.2884040857011734
0.2748438335787073
0.2684848868604972
0.2840109403054229
0.2787397891464725
0.2917556821212013
0.30849414277220216
0.2907290434351441
0.2940665208349724
0.33163555581321796
0.2746865434669022
0.30385187221805304
0.28197575723183604
0.32352164050588983
0.2836161073481586
0.3249677327133051
0.31391342366629654
0.29470656989319677
0.3746310370457447
0.35676923611315897
0.26551776124999715
0.25807304162267025
0.26100507778553816
0.2701154543864831
0.26842113632904235
0.3118047617131085
0.24598331997747389
0.2824563240140546
0.29595540268152026
0.29019452487203823
0.28589969246277114
0.31992029067799926
0.29888298433846827
0.29048351861205574
0.2874398994142296
0.307261552440684
0.2764826568388419
0.29852941615801576
0.2564438852758798
0.3109992913780025
0.2983940048342079
0.3012370453817975
0.30251712171583756
0.308868036911866
0.28826515389290236
0.29044317755772014
0.3151405881273737
0.2917180396552886
0.35808751002826555
0.32603978129116823
0.2867861847461595
0.29600196529178446
0.32539385540339244
0.2942291666847668
0.32272968696049653
0.29175198383904066
0.2743929472189463
0.2967200156051823
0.2549952877501205
0.39935360175655915
0.2538872841304222
0.283446738034044
0.24901025351117967
0.2774154256382455
0.39991520336936864
0.30361390983540487
0.3343846370636123
0.25265083544537176
0.303957446023254
0.3279375063369124
0.2879785356345057
0.3233388262128266
0.3102945070128609
0.3214441026589302
0.3508075553482693
0.28670858972428276
0.2719350015606447
0.2905397877365355
0.29021126052955265
0.3493998981641338
0.25832808603935703
0.3292804596903729
0.26591779723024234
0.25771617866316693
0.290421844503478
0.2581010982008118
0.30198907326349844
0.25021509383968094
0.3970799109453243
0.2760150412017315
0.2596502187624206
0.25789857097631036
0.2977710729408704
0.2920752634769958
0.42597748060175433
0.29552848092219036
0.25916357615074465
0.2670078520937456
0.38346081266829724
0.273550890486602
0.3105854151604539
0.27655394426698
0.3224289707929405
0.27619222480887445
0.33002274944300736
0.3542148216897992
0.3588592278192907
0.27515319725352877
0.2626750846783665
0.28163925837554477
0.2964032574643529
0.29424038659244034
0.2890015781602984
0.3074761777840281
0.3000288737601788
0.26297522224951675
0.2656612486263259
0.24996946335891412
0.29295559731266774
0.2858937771476876
0.3015581386584599
0.24830511284227783
0.3031951922727994
0.84818083950828
0.2856967212391707
0.31533179710053777
0.2628127956348527
0.2906188009876211
0.3045953657191293
0.29188516228576267
0.26261121347033767
0.273753799560372
0.30163571912052645
0.3249306697428622
0.2749341713005274
0.30460707871931364
0.2649079882063377
0.2650978468719179
0.2926261528429084
0.27505703458580166
0.2740960666638417
0.3867395906022524
0.2648522840720097
0.2868128335882603
0.26319000341674054
0.27388372770406455
0.2766291579835508
0.84818083950828
0.26944057744147193
0.24312166889644973
0.28872809708912434
0.2658359377311214
0.29699907927732716
0.2969313827911568
0.33020458692760724
0.26283732361136375
0.3189249141627138
0.28783319641833993
0.3003097382282314
0.2852805314858847
0.2842138998347369
0.3025616523184737
0.28112652246965264
0.2788620404725889
0.25843580064943256
0.2843108782653317
0.261970779502728
0.267412157142811
0.31813225182216764
0.2940902852486904
0.26774408210671535
0.32179074448227296
0.29782075413230946
0.265686802399293
0.26544313572647704
0.32029194840451447
0.2893593724777099
0.314419333679399
0.37136203995417916
0.30378381011676575
0.3010056412580531
0.28245093605039695
0.3010056412580531
0.2904300989259658
0.29749377339973476
0.3097477560070172
0.2945201965723823
0.2728816831808814
0.27644039971674716
0.2510484811292216
0.2767347810446658
0.2688517339418446
0.25398745522081756
0.2646568869995026
0.284365365684854
0.2650448008171015
0.26281238915472405
0.31022447798955755
0.2873061084919047
0.3010056412580531
0.2676393820791798
0.27329677946371495
0.29632484029440725
0.29628281166243864
0.3445599482825417
0.2897786722468857
0.2650183512071424
0.28288009646916196
0.2911519266235243
0.2996546505037281
0.2821519045918178
0.34611054226327354
0.2684592562925806
0.2693975168233612
0.3030031478896906
0.29055935523066945
0.28945417010659574
0.2659557643332543
0.30455268323475104
0.300787899889232
0.2731921070851416
0.29484838700254445
0.30240440656924505
0.2988913413111292
0.27111616237363295
0.33906106579732315
0.2808260102314661
0.2894693433329357
0.2647723817251159
0.29415848824214746
0.27452573043166123
0.3609182479050611
0.2583831727245637
0.3040900516186303
0.2726346380013552
0.2836320239803504
0.29632484029440725
0.2810487941419566
0.2901834841591229
0.2972433680084877
0.3023175731328331
0.2676648947696505
0.25736404510272687
0.2954044731476963
0.28397766973894323
0.32506213103382176
0.29745717419819834
0.29782075413230946
0.30194824679207477
0.3166933008813425
0.31608947815861704
0.34667431541258703
0.30017609859287125
0.2949649782526336
0.26166139428977164
0.27934187405083105
0.3042910306436403
0.26505085353550845
0.2733148251998555
0.28279923039188126
0.29233830117006293
0.26246129533116425
0.2695234303157587
0.2852614020589088
0.27840366220497925
0.24639802049296886
0.2685203620965835
0.27062295462727387
0.3138740971797664
0.28130281408305663
0.2713162479204342
0.2997379584905145
0.3047455176946065
0.2827863860176646
0.25766081509914757
0.3079601314065337
0.31668800374415473
0.3635402313176581
0.3540780591996646
0.27989199834796186
0.38346081266829724
0.26816868726675247
0.31000164895126825
0.39995548508198175
0.2886441615840371
0.28050165641220415
0.2879461750613433
0.2661025679104889
0.38104586526679673
0.2921908467862352
0.33445235677006907
0.25948851656337163
0.30292143977239433
0.2721347964234178
0.27463421774963775
0.28958488122393966
0.2824924085975829
0.2554433263134993
0.26902040465130095
0.2747102268157992
0.2807840356386591
0.31132973127539676
0.2515328661523697
0.27218271016633894
0.2706960537205566
0.2796942076681145
0.30774917911749217
0.2953952420580443
0.3162070552694815
0.3797453917541109
0.294142556100387
0.27437704767887205
0.2844543453321923
0.3233388262128266
0.29322583014944636
0.2884040857011734
0.2748438335787073
0.2684848868604972
0.2840109403054229
0.2787397891464725
0.2917556821212013
0.30849414277220216
0.2907290434351441
0.2940665208349724
0.33163555581321796
0.2746865434669022
0.30385187221805304
0.28197575723183604
0.32352164050588983
0.2836161073481586
0.3249677327133051
0.31391342366629654
0.29470656989319677
0.3746310370457447
0.35676923611315897
0.26551776124999715
0.25807304162267025
0.26100507778553816
0.2701154543864831
0.26842113632904235
0.3118047617131085
0.24598331997747389
0.2824563240140546
0.29595540268152026
0.29019452487203823
0.28589969246277114
0.31992029067799926
0.29888298433846827
0.29048351861205574
0.2874398994142296
0.307261552440684
0.2764826568388419
0.29852941615801576
0.2564438852758798
0.3109992913780025
0.2983940048342079
0.3012370453817975
0.30251712171583756
0.308868036911866
0.28826515389290236
0.29044317755772014
0.3151405881273737
0.2917180396552886
0.35808751002826555
0.32603978129116823
0.2867861847461595
0.29600196529178446
0.32539385540339244
0.2942291666847668
0.32272968696049653
0.29175198383904066
0.2743929472189463
0.2967200156051823
0.2549952877501205
0.39935360175655915
0.2538872841304222
0.283446738034044
0.24901025351117967
0.2774154256382455
0.39991520336936864
0.30361390983540487
0.3343846370636123
0.25265083544537176
0.303957446023254
0.3279375063369124
0.2879785356345057
0.3233388262128266
0.3102945070128609
0.3214441026589302
0.3508075553482693
0.28670858972428276
0.2719350015606447
0.2905397877365355
0.29021126052955265
0.3493998981641338
0.25832808603935703
0.3292804596903729
0.26591779723024234
0.25771617866316693
0.290421844503478
0.2581010982008118
0.30198907326349844
0.25021509383968094
0.3970799109453243
0.2760150412017315
0.2596502187624206
0.25789857097631036
0.2977710729408704
0.2920752634769958
0.42597748060175433
0.29552848092219036
0.25916357615074465
0.2670078520937456
0.38346081266829724
0.273550890486602
0.3105854151604539
0.27655394426698
0.2758148624499556
0.3037099476362982
0.3233388262128266
0.28236272986921745
0.27979213715212226
0.22318786942721236
0.0
0.0
0.3435792964766966
0.284591771465967
0.34237111039394624
0.3064477335532472
0.2645339942274189
0.299831145844835
0.25509040881129325
0.2624345423409217
0.28392386277588205
0.41449772649841304
0.2764892714176205
0.2587240150104685
0.3542148216897992
0.2982987334899298
0.28110407660588926
0.3233388262128266
0.25673955971709134
0.26071677552472794
0.3176413266446606
0.2649607214494232
0.28447353905862505
0.2639901729156158
0.26328843324369766
0.26998209626019337
0.33152004615900615
0.2624081932947859
0.2697989555020872
0.280040468898196
0.2703240311592565
0.26491941949356423
0.31137442280200484
0.29231317040505395
0.2706435035625018
0.26819499065623875
0.28431783747021183
0.24610228556594463
0.26993482192298845
0.23689198835449474
0.25654822568180896
0.2680279123643765
0.26677760389900157
0.3018075423525874
0.28958606682119237
0.2899849289146461
0.282265062416232
0.2541928251824363
0.2765379901560316
0.26751817749639656
0.2977725711835782
0.27546351877480446
0.26527377681769476
0.30289372714935653
0.248869735723484
0.2904285845232477
0.29521141003363144
0.29699907927732716
0.2969313827911568
0.2864677110537443
0.28930836343023725
0.3029007706909806
0.3189249141627138
0.2588711555653101
0.3117666536654202
0.28783319641833993
0.2849461913856209
0.2849461913856209
0.31802957119288294
0.26305619659585683
0.31231493738527577
0.3003097382282314
0.5757911952344767
0.2749856518378918
0.2852805314858847
0.30349984787591944
0.3021905464302384
0.3025616523184737
0.30771860721617617
0.2898642975825432
0.3266024772389086
0.295732038065785
0.27614412507208635
0.27046917083949584
0.2940902852486904
0.25208508376917055
0.32179074448227296
0.29782075413230946
0.2649360145519436
0.32029194840451447
0.2893593724777099
0.290953576150643
0.3071007966227651
0.3071007966227651
0.29749377339973476
0.3097477560070172
0.2945201965723823
0.2728816831808814
0.3563667611283968
0.3785109741635064
0.32184552359141344
0.30452445327124084
0.30789913575476685
0.3034573282391343
0.2995978188743782
0.33378095998836205
0.2942095786817823
0.30092364475073957
0.2811189588807485
0.27819255141807087
0.29190269811382547
0.32619425743891867
0.2650448008171015
0.2966154522505797
0.33247104331361854
0.33089377820713073
0.27290657260833673
0.3265942705032048
0.27530855940448173
0.3487103948231314
0.2913648142679778
0.2864307582168453
0.2687158301108715
0.2546459815200965
0.29328342981506517
0.2694532220541304
0.30004578677933347
0.3796319465122926
0.29673864311042986
0.3321967692717006
0.29171510360911435
0.31176442272174854
0.3246840527495569
0.3030031478896906
0.41605557021767137
0.29658835553043655
0.2890571591727767
0.2907518681753511
0.31511410292514846
0.319476485464918
0.36821654136891385
0.2927260565627237
0.27494645235763765
0.3174004976732375
0.34584445382412365
0.2730669201026333
0.2976484218795536
0.2771478402333968
0.287668786753899
0.309940923595125
0.33906106579732315
0.2808260102314661
0.32603653749953077
0.2894693433329357
0.29415848824214746
0.2929730263151869
0.25993400284819335
0.3609182479050611
0.2722028673618755
0.2726346380013552
0.2836320239803504
0.3129153367267848
0.27969013600175086
0.2811499079678963
0.25120309899908
0.3424693526711239
0.3129994967378771
0.84818083950828
0.3016027137134625
0.2875497417266789
0.2679780386079153
0.2983414084113153
0.2886361975360951
0.2819305105221217
0.2954044731476963
0.30066235090148763
0.29418803967108026
0.31813790959051486
0.29275319092498064
0.26128553300310253
0.29782075413230946
0.2681034551931201
0.3166933008813425
0.30894505673094247
0.3994763007563071
0.28256723416527213
0.34667431541258703
0.2756422258926359
0.43867358419047103
0.2949649782526336
0.29886665286178743
0.3702578136529719
0.3042910306436403
0.30871427903615695
0.2838579253656074
0.2733148251998555
0.2675167279336239
0.2998494179942376
0.2728756385427624
0.3063774795079315
0.26246129533116425
0.3062966467129362
0.34346167155854046
0.3108914556678418
0.31544953651040475
0.23432496817378534
0.33693204200668736
0.2908257973627259
0.3323937143281753
0.2718215401558282
0.28675339636066843
0.2816021381706657
0.29183130616123615
0.28891526715191473
0.3017127971652239
0.265039315851005
0.30109965282306345
0.3090394236631978
0.2588326415295549
0.3792641335639284
0.28552692853947087
0.28112191945847326
0.29566417516088067
0.29953102191817355
0.30193028419712153
0.3045338389857562
0.31668800374415473
0.2939903818784419
0.29224923498790906
0.2744419203098222
0.27989199834796186
0.29869465805966605
0.35204436256635185
0.4302262583165516
0.28326951064168465
0.2911460006004514
0.26967150649242144
0.33515534573647665
0.2935968313080728
0.28991130139627264
0.32653847160406513
0.2796455405168635
0.29579784415845123
0.2821206632241051
0.38536145175552283
0.3305248459538144
0.3711748792767821
0.28471770638438587
0.28958488122393966
0.2957340475516589
0.31975924964975244
0.2761386436728916
0.26902040465130095
0.3109138980759248
0.2747102268157992
0.31132973127539676
0.29113774461875697
0.27661335157938544
0.31132973127539676
0.31132973127539676
0.3085196189476091
0.3099174477778599
0.30665816848783534
0.31934065195469086
0.2828981484892881
0.2715571451211969
0.26299629448630996
0.3843467220566234
0.28490399760571455
0.323578625671587
0.2877962337881584
0.3332544492581206
0.2847104863915248
0.3035172871948362
0.34130705409139855
0.29095697728178266
0.2609543387892272
0.2917556821212013
0.30302528677010643
0.32279370678570735
0.2858661050843151
0.2799543718587868
0.38248528580589675
0.2907290434351441
0.31584779679383607
0.32135580627841304
0.34024436694362004
0.30502666427180936
0.41880845712942605
0.31718507652211586
0.31391342366629654
0.29470656989319677
0.3746310370457447
0.2764261235290626
0.30706024760868295
0.2801660383148052
0.33979355963267155
0.36104068823271074
0.2831575535905783
0.3268829359225232
0.2722418803083972
0.84818083950828
0.35299280601372696
0.2808052214208885
0.2871746120086472
0.30958352739303224
0.2995104533359394
0.33806337179887813
0.2694368930349801
0.31116215294270266
0.0
0.2743365045104151
0.3284781648737148
0.3037789699398351
0.2661692067691032
0.27428143967879726
0.30089896143726697
0.28472030762536926
0.24157213191322005
0.3169715293156541
0.307261552440684
0.3194390374184852
0.2983940048342079
0.30020259776455926
0.3053736050854208
0.28929418965446
0.2524006235641036
0.2641108072494129
0.3012370453817975
0.30251712171583756
0.2662885586176608
0.2739408077252172
0.3198185174935122
0.28504254400270745
0.31096386644964663
0.26994907530872575
0.30638873301232933
0.30024365592559893
0.2782053348547572
0.30633920281721005
0.28052605808554015
0.29175198383904066
0.4057763119848442
0.2743929472189463
0.29060128563037974
0.3204729612225607
0.35862598721296113
0.31404630932547106
0.2727505480912709
0.3000179648856627
0.28859093741795544
0.2741734308986373
0.29757532198364556
0.2629313965613879
0.29618757519731653
0.2846620219907247
0.328134417354177
0.3006676372645964
0.31266683488283475
0.29471641725609443
0.2732277377298943
0.2477086541238814
0.25038901075980746
0.3508075553482693
0.2657541747416906
0.2719350015606447
0.2821470168227573
0.46346663521831316
0.31411976053677837
0.26424165646227593
0.26256425289308083
0.3139876823588031
0.31871159415494943
0.2716767122662788
0.2844992576970768
0.332697650565949
0.27815398414123094
0.290421844503478
0.282371321228174
0.289408473953688
0.2655168482056569
0.3208104572770466
0.32369624467558433
0.30894318617567634
0.2777220384837496
0.25789857097631036
0.2977710729408704
0.27102726798817506
0.26538762360377316
0.36280806694299317
0.42597748060175433
0.2704883387834149
0.30001513835005056
0.3201921095955707
0.3024500345216518
0.27119676132516557
0.27035356735938704
0.3028645073276089
0.2468117265031498
0.31041603627813447
0.2761655032734958
0.2757207586022996
0.26380443980418594
0.2460533101110618
0.2911504963486898
0.2770009771721801
0.34237111039394624
0.32281426583339634
0.281263019248982
0.2652377922290509
0.279980349786706
0.32989714976199325
0.2872498336211588
0.2586206567470192
0.299831145844835
0.2889081590317255
0.28573713387198485
0.39207079135763406
0.24667807768316993
0.3137507180263217
0.2843979107068927
0.28053451721610606
0.3224289707929405
0.5116359207900758
0.2859940987995169
0.2874888055089473
0.33002274944300736
0.2929490837968918
0.29602187879324265
0.3105332988814374
0.3033678226710001
0.3588592278192907
0.2651458605857335
0.2721916516669243
0.26118364232938923
0.25673955971709134
0.28471748926390883
0.3481979998083697
0.276333204781148
0.3003904482122299
0.2964032574643529
0.2582594250751627
0.291522054384956
0.28000862345632976
0.2890015781602984
0.3074761777840281
0.3000288737601788
0.2896526947243492
0.25317027618268356
0.2656612486263259
0.29357756166458904
0.2703240311592565
0.3364468698806078
0.27020603978006935
0.3048122235621676
0.26354911612066456
0.2671056118683044
0.2706435035625018
0.2661639191355615
0.24610228556594463
0.2667538454684957
0.268099311753302
0.3348763940419554
0.28307888292221584
0.23689198835449474
0.30896338727995876
0.26856092938421905
0.3144729421068787
0.31533179710053777
0.2820743704722597
0.2418366709553784
0.2613622771029578
0.27364478825438
0.2906188009876211
0.3018075423525874
0.3045953657191293
0.28958606682119237
0.29188516228576267
0.2899849289146461
0.296364549069778
0.2696444571667199
0.2976655538546694
0.30163571912052645
0.2864677110537443
0.3249306697428622
0.26727782471254635
0.2858674204602219
0.28321654010842534
0.2749341713005274
0.2705246389893501
0.28028353650105736
0.24188656826459573
0.26751817749639656
0.2926261528429084
0.2856099657393709
0.2736253103860307
0.2691626609079283
0.26527377681769476
0.30962462449460854
0.2868128335882603
0.29465301338506333
0.32415619542805585
0.28155939082830417
0.2904285845232477
0.2816054421496421
0.2815749876113095
0.29521141003363144
0.2761767733385161
0.2901319295358825
0.27676391822224294
0.29699907927732716
0.2872182898223749
0.31917889782491166
0.2811140600171477
0.2969313827911568
0.2868779926004138
0.2737639850082494
0.33951193081951264
0.3083247170779471
0.2850350542558969
0.28748519034941394
0.30771860721617617
0.2962853664461108
0.29808163353471273
0.28927114999896164
0.30821862463743993
0.32342257274854713
0.26816001248829757
0.30095485115335113
0.3034573282391343
0.3042994487642793
0.2873517637774072
0.259020202215865
0.31794495585771987
0.2966154522505797
0.2868936076870962
0.3018019154921658
0.30217368662274063
0.2902182029067927
0.29190157499120917
0.27982104500969235
0.2703198968225529
0.28288009646916196
0.2821519045918178
0.28150520873060914
0.3246840527495569
0.271101230934809
0.27321307034713554
0.29484838700254445
0.29475954286299355
0.287668786753899
0.2817807712763415
0.3491659583972647
0.2957573391653076
0.2950398190666389
0.24731869351293706
0.27169874967026164
0.2811499079678963
0.25120309899908
0.2837751431689397
0.84818083950828
0.26725656082835325
0.29079175884473696
0.29498650689088424
0.2957249910150457
0.29247079093786255
0.2776366440827696
0.28478947084557366
0.280268937698663
0.30194824679207477
0.2842940811093316
0.30871427903615695
0.31809904374546755
0.2675167279336239
0.3063774795079315
0.29084410696078633
0.31521575734776786
0.3323937143281753
0.3322656834723144
0.28810765228979995
0.28891526715191473
0.3017127971652239
0.2958205848617035
0.2892339401228532
0.2744419203098222
0.31296717113008315
0.3273289608907356
0.2787497345188499
0.2579319152124622
0.2895804458739101
0.28184676792843577
0.24830111569918933
0.28270195382138613
0.3453653409461341
0.2821206632241051
0.30552847734205085
0.2850598664478666
0.32011702306977735
0.30247892262038145
0.3124888051693467
0.2761386436728916
0.31563682181581915
0.27490152788022404
0.2908572988801034
0.3101868455458787
0.2887296204232065
0.33399215737537036
0.2758405970468296
0.285786327159772
0.3114731086752136
0.28538476817579894
0.3183371186513368
0.27664448175225437
0.29853745280698996
0.27727056812073403
0.45965282814672775
0.2841110758389425
0.3253952399580424
0.31750052261144257
0.3096101414170753
0.318750329436875
0.2740631616014852
0.2415252315870573
0.34823388209684536
0.36104068823271074
0.2831575535905783
0.2676818228009121
0.2745345561390599
0.31992029067799926
0.27428143967879726
0.30106853477205997
0.2874398994142296
0.2649354122774289
0.2908287859579724
0.29136982945476764
0.2946100696463405
0.2800516038768234
0.2509367557047202
0.31108961323237333
0.2917180396552886
0.26092949669372845
0.25134314031819066
0.302281111612864
0.30638873301232933
0.31423853887033115
0.29600196529178446
0.2895699340124251
0.2942291666847668
0.28575108266436156
0.31404630932547106
0.3000179648856627
0.2896763636743133
0.27182594263198695
0.328134417354177
0.30361390983540487
0.84818083950828
0.27406300117532184
0.346222817216592
0.286351647005358
0.31243108902538097
0.26641696615697363
0.26300043217343666
0.28358914843635696
0.3040900516186303
0.2952526525507541
0.2481349907147934
0.3140667409236104
0.2876461821540365
0.282371321228174
0.289408473953688
0.274747796286602
0.27851136699897
0.2772239347986725
0.28529394440118677
0.2920752634769958
0.2706698465688063
0.30001513835005056
0.3514403529376572
0.3201921095955707
0.3725861473699975
0.3233388262128266
0.2850598664478666
0.2897954452648166
0.2987780879709297
0.2804182606802454
0.2777276837168537
0.27509515649224375
0.29660906687533023
0.32511634336705025
0.459539403989082
0.32802830458942034
0.29602187879324265
0.24776731210163544
0.3213592872194041
0.43655924938426127
0.28318480533560797
0.2729555548893682
0.3257800784152647
0.24545509678151844
0.2977597686169562
0.2717996458223075
0.2671056118683044
0.2858937771476876
0.26819499065623875
0.26729911729514405
0.2802026145146482
0.29139533463126505
0.25836311832650083
0.2680279123643765
0.30962570952970353
0.273884689648443
0.26261121347033767
0.29884730919661756
0.2471962385297956
0.273753799560372
0.2649079882063377
0.2968089313952381
0.2926820286323791
0.26424059046077825
0.2926261528429084
0.2857547429279296
0.28141450286583536
0.2563290255756185
0.3060840807477909
0.2740960666638417
0.2832748065626925
0.2914460965037027
0.2694737178667544
0.26080248578745513
0.2541042270356893
0.3384367800432257
0.25291113156825135
0.24312166889644973
0.3499206021577067
0.3130364881399559
0.2822054267591299
0.25061757044121413
0.2623364715233925
0.3125416416497906
0.31387263963446466
0.2589803074695015
0.2744121469139165
0.31752027256844995
0.3062293921215439
0.3721429130645579
0.32943889349757155
0.28933733762431885
0.29215399233288786
0.3326986271275815
0.2744808729193914
0.38888986136517595
0.2904300989259658
0.28025370469679517
0.28334262658606824
0.355897686266587
0.3204093182890662
0.29766620192430615
0.2814816611567888
0.2755363408228784
0.2696816058440602
0.2696816058440602
0.30092364475073957
0.3136214344717868
0.34545906808215726
0.2808697830124251
0.27900316794649777
0.2930872795874367
0.33247104331361854
0.27530855940448173
0.2733069102878043
0.29628281166243864
0.28912165156777275
0.3445599482825417
0.30536627393280574
0.298672369967971
0.3321967692717006
0.28801374729018964
0.31176442272174854
0.28088672454683844
0.30713592216207236
0.2886192982297685
0.28408935766231114
0.30091560250280364
0.2771478402333968
0.2958908458763725
0.2894693433329357
0.29787167197417735
0.2960907226443779
0.2995571841411472
0.2726346380013552
0.29205400010431576
0.36065300659389715
0.27772243024743387
0.27604288930235343
0.3241330860194183
0.3502464665510184
0.2962067847517111
0.2724859603097143
0.3025205235209721
0.29275319092498064
0.34600606937482725
0.2748184301587722
0.84818083950828
0.3149677404245745
0.26948811485377594
0.2678156462019747
0.289950628622131
0.26317095990832534
0.2661558524933275
0.2932648470958061
0.3362307167178826
0.29896632308962307
0.2786571693759511
0.2709342777078703
0.24778209401046566
0.2998494179942376
0.32717691739078275
0.2561996907690668
0.31869398009275035
0.3118419354265094
0.28987311190194637
0.2526038255355091
0.332795769021534
0.3144576820989825
0.32563207037228387
0.3098506684522382
0.2728475149519967
0.2843876177135712
0.25914088637759464
0.2685203620965835
0.2619978498559421
0.31152664084359294
0.31047601203977093
0.2566526632097051
0.3635402313176581
0.29869465805966605
0.29134769751099493
0.31321618591826184
0.2893229404103022
0.3162472522074944
0.29674888067981814
0.2805164384451467
0.2941803511854382
0.26902061257583665
0.26902061257583665
0.26943157518508615
0.2590237199743098
0.312441805090854
0.2761799177183595
0.26156251308429007
0.3541321083116987
0.27218271016633894
0.2768242026427476
0.300292265483543
0.32236241603992327
0.2828981484892881
0.26814503138856965
0.2597507198861945
0.26209037163089755
0.27481455127680193
0.3332544492581206
0.26744556082833004
0.32372342040853996
0.27604288930235343
0.2936980417490863
0.2671270027464404
0.2802574049978961
0.2928250514297878
0.30875607109336123
0.3000892576605589
0.25542282881267586
0.84818083950828
0.2658919016123506
0.2913542452410221
0.26842113632904235
0.3226415275949042
0.33806337179887813
0.335021877886297
0.2824563240140546
0.2807098574956663
0.33770493697973786
0.27386610968353525
0.2908287859579724
0.2696217781692164
0.25756639568749723
0.3010697970594934
0.3193706265025148
0.27878884022898326
0.32603978129116823
0.2867861847461595
0.3315154419544234
0.31593569111532166
0.2606264748159192
0.30854306229145695
0.29733964300242527
0.3011640390767637
0.2570971302395911
0.2696816058440602
0.25807836175667187
0.2830250672366328
0.2592437203702207
0.2605069690693236
0.2562398359878416
0.253730590802396
0.31862050263206665
0.23400247723340004
0.24837631076633004
0.2698697230875618
0.25351687137946133
0.26297522224951675
0.27559794607968763
0.2977347564251582
0.2784043280434757
0.26993482192298845
0.28115154636509415
0.2858960120130182
0.28304008120213303
0.2471962385297956
0.2696444571667199
0.2795857865630276
0.26319000341674054
0.31154651063912575
0.2737639850082494
0.28052476465847637
0.3025616523184737
0.28112652246965264
0.25843580064943256
0.28245093605039695
0.3353915020309226
0.299250124976317
0.3034573282391343
0.2687158301108715
0.25760459564489585
0.2705634650585557
0.27229432231571293
0.2684592562925806
0.28945417010659574
0.2890571591727767
0.271101230934809
0.2907518681753511
0.30455268323475104
0.36821654136891385
0.29484838700254445
0.2817807712763415
0.3491659583972647
0.24731869351293706
0.3145294614091544
0.26725656082835325
0.29079175884473696
0.3787293902123269
0.2957249910150457
0.29247079093786255
0.27121066318114573
0.28478947084557366
0.30194824679207477
0.3994763007563071
0.3096969708724141
0.2627574679017051
0.2949649782526336
0.29886665286178743
0.28279923039188126
0.29279327591362597
0.31521575734776786
0.2908257973627259
0.332795769021534
0.3323937143281753
0.3322656834723144
0.28810765228979995
0.29852716122645034
0.23695749021049206
0.2892339401228532
0.31296717113008315
0.2787497345188499
0.2634324643919911
0.3002963605054368
0.28184676792843577
0.31000164895126825
0.24830111569918933
0.2850598664478666
0.3711748792767821
0.31975924964975244
0.3109138980759248
0.27490152788022404
0.2908572988801034
0.2887296204232065
0.31132973127539676
0.33399215737537036
0.285786327159772
0.31934065195469086
0.2970538350104686
0.28538476817579894
0.2828852256206293
0.3087177110418739
0.3072862315172475
0.2844543453321923
0.27664448175225437
0.24544751858536235
0.45965282814672775
0.2799543718587868
0.2841110758389425
0.30385187221805304
0.2844008593497079
0.3746310370457447
0.2764261235290626
0.28669926296939285
0.30841142778403996
0.26551776124999715
0.2913542452410221
0.30118673065064727
0.2995104533359394
0.43858777392291404
0.3284781648737148
0.2983998852652891
0.2764050006638176
0.30089896143726697
0.24157213191322005
0.29591726621320386
0.2764826568388419
0.2649354122774289
0.2671658555182837
0.308868036911866
0.31108961323237333
0.3802824391011487
1.0006910017080728
0.32539385540339244
0.2895699340124251
0.2782053348547572
0.2942291666847668
0.2639764367476863
0.28575108266436156
0.2640806351897267
0.31404630932547106
0.27406300117532184
0.31243108902538097
0.2820661877365218
0.28358914843635696
0.25038901075980746
0.28670858972428276
0.2821470168227573
0.31411976053677837
0.29547719702347336
0.26256425289308083
0.26214419781481535
0.2905397877365355
0.2520783190212839
0.3140667409236104
0.26591779723024234
0.2876461821540365
0.290421844503478
0.282371321228174
0.2519008250966688
0.26140514359642764
0.2777220384837496
0.29721014178935845
0.38346081266829724
0.30001513835005056
0.3514403529376572
0.27119676132516557
0.3725861473699975
0.3233388262128266
0.2766553374422823
0.27176797542916087
0.2468117265031498
0.23834797258569315
0.31041603627813447
0.2757207586022996
0.32594036804339843
0.2987780879709297
0.27786573052767227
0.3217717579954025
0.2804182606802454
0.2911504963486898
0.26664312208914376
0.26537459866897645
0.4343611964271802
0.281263019248982
0.2508354474018867
0.27830915157632125
0.2738265804350731
0.24558243803799748
0.25938683199055956
0.2816523648698277
0.2587240150104685
0.27509515649224375
0.32511634336705025
0.32802830458942034
0.3033678226710001
0.5546017750114235
0.3213592872194041
0.2651458605857335
0.3481979998083697
0.276333204781148
0.25358367592967845
0.291522054384956
0.323134950114978
0.24545509678151844
0.2762899319191402
0.25317027618268356
0.2952688515866527
0.2977597686169562
0.29357756166458904
0.263515684667204
0.27020603978006935
0.24358937428731936
0.2858937771476876
0.26729911729514405
0.28307888292221584
0.30896338727995876
0.26856092938421905
0.2706368228119326
0.3144729421068787
0.273884689648443
0.2899849289146461
0.2803258452069304
0.29455955596033256
0.2511156764392748
0.27786688949109467
0.2864677110537443
0.2749341713005274
0.2968089313952381
0.2926820286323791
0.2857547429279296
0.28141450286583536
0.2563290255756185
0.28240410504057517
0.2648522840720097
0.29465301338506333
0.26080248578745513
0.28155939082830417
0.2677299512453663
0.2826875404938377
0.3384367800432257
0.27676391822224294
0.31917889782491166
0.29766682808828726
0.2822054267591299
0.26283732361136375
0.25061757044121413
0.2734516806440846
0.2918182216747644
0.3106544225850743
0.2849461913856209
0.2849461913856209
0.28344436912884025
0.3021905464302384
0.28862430608445194
0.35926263371378186
0.2973917995394354
0.2843108782653317
0.27501991334440523
0.295732038065785
0.30669324657831387
0.31813225182216764
0.36099868404097113
0.26544313572647704
0.2776294836963668
0.3373334764194287
0.32184552359141344
0.30452445327124084
0.30789913575476685
0.3295095886235289
0.3268034050705248
0.3565351392493243
0.3024016468656595
0.3246020886219165
0.29190269811382547
0.32619425743891867
0.31233280909910816
0.284365365684854
0.2650448008171015
0.31273419529743224
0.26281238915472405
0.26281238915472405
0.2868936076870962
0.33089377820713073
0.31022447798955755
0.27290657260833673
0.34229011588384706
0.27329677946371495
0.30384641096723985
0.33041528721677405
0.3007971363972712
0.3164644825009615
0.2650183512071424
0.2911519266235243
0.298672369967971
0.28711645437586625
0.2821519045918178
0.29493457471273293
0.27773040944251026
0.34611054226327354
0.4209087021314758
0.2707326425842439
0.2714218367235041
0.27332495127331846
0.26672905726628227
0.29055935523066945
0.25703115553019484
0.26419255926397556
0.28605152345775686
0.31511410292514846
0.319476485464918
0.2927260565627237
0.27241852050063997
0.26495534704734786
0.2549529039225956
0.2957573391653076
0.2988913413111292
0.2957573391653076
0.27111616237363295
0.28199651593101127
0.27471455367425096
0.3224703541544073
0.27452573043166123
0.2583831727245637
0.2553254967064509
0.3261198205813691
0.26420792170557644
0.2652871835999935
0.3129994967378771
0.84818083950828
0.2676648947696505
0.2679780386079153
0.2886361975360951
0.29357039836821774
0.29418803967108026
0.2839363500539304
0.25506917723198186
0.2776366440827696
0.32051915738427617
0.2681034551931201
0.31608947815861704
0.2631320808796292
0.28617230638098695
0.2627574679017051
0.2932648470958061
0.26723974480324897
0.28822859989158534
0.29279327591362597
0.29644990661108944
0.2730518871942944
0.2718215401558282
0.2798092580666421
0.2667826157109524
0.268860532222314
0.29852716122645034
0.2534549903077472
0.27062295462727387
0.2503868381770842
0.30053196466388493
0.2997379584905145
0.3047455176946065
0.29039778742128713
0.2787488363177323
0.27745289961430314
0.2794905644341538
0.3540780591996646
0.24052599757444698
0.4302262583165516
0.29949972326964547
0.2579319152124622
0.30886404444717735
0.2895804458739101
0.27707847427572174
0.2886441615840371
0.316685490398606
0.2687007205134527
0.2593399570443476
0.24392794761120218
0.29052834479667305
0.27865576959544325
0.2879461750613433
0.3453653409461341
0.26787650378039973
0.2821206632241051
0.2921908467862352
0.311471529987254
0.2850598664478666
0.2850598664478666
0.30292143977239433
0.4088908874327951
0.27463421774963775
0.2828385086379783
0.3327884227765908
0.31563682181581915
0.3109138980759248
0.2559837634379974
0.35585392466613175
0.31563682181581915
0.2515328661523697
0.3000744492955963
0.3099174477778599
0.2706960537205566
0.2758405970468296
0.285786327159772
0.3081489342490907
0.2970538350104686
0.3162070552694815
0.3037143355435071
0.294142556100387
0.27092387986853
0.332424807487371
0.3233388262128266
0.3183371186513368
0.3005090933875394
0.29853745280698996
0.29834889361679
0.34130705409139855
0.32279370678570735
0.30702730632133257
0.2750673800200012
0.30540778293758286
0.3268747555589184
0.2580413103443886
0.2867746313151491
0.32352164050588983
0.3249677327133051
0.28669926296939285
0.30706024760868295
0.3268829359225232
0.2665383076441902
0.3284104516122249
0.2621139530324851
0.3328237510587556
0.3073143336340392
0.30118673065064727
0.2872254400457304
0.24598331997747389
0.25518858826543356
0.43858777392291404
0.28273175511947546
0.26056211273541685
0.28786398429396454
0.29048351861205574
0.24157213191322005
0.2830525365405418
0.2701676204746156
0.2813851554883932
0.26533090552556654
0.2641748992589287
0.3252381478434519
0.84818083950828
0.2911433856882573
0.30144492415923463
0.3053736050854208
0.28929418965446
0.3244418377711748
0.3311989933877879
0.31259197829533486
0.2671658555182837
0.3151405881273737
0.32533005968303097
0.33010719219687074
0.28869704906266663
0.2967200156051823
0.2640806351897267
0.2629313965613879
0.3691678230487671
0.28714169856154015
0.30361390983540487
0.25265083544537176
0.26153377810706785
0.3279375063369124
0.30399053145354404
0.3233388262128266
0.2744397359242538
0.3214441026589302
0.2996553964387612
0.2657541747416906
0.2682729288163543
0.33311928502900834
0.297075603193605
0.332697650565949
0.3140667409236104
0.3292804596903729
0.25771617866316693
0.28847830774738786
0.27935575654548694
0.25021509383968094
0.3970799109453243
0.3187161915656885
0.27851136699897
0.3514403529376572
0.3096969708724141
0.3233388262128266
0.2731829785428663
0.32389647688361883
0.3233388262128266
0.3148472370133406
0.22318786942721236
0.28295484028769285
0.26664312208914376
0.2698697230875618
0.4343611964271802
0.279980349786706
0.29592320242644554
0.29091186499915694
0.2624345423409217
0.3137507180263217
0.25024432820444065
0.5337704776670319
0.26408870626955244
0.2588037796999095
0.5116359207900758
0.2786721988495125
0.37944492677684377
0.26346763497173276
0.3019374688001536
0.28582004146981943
0.3323525998042876
0.43655924938426127
0.3180271756307574
0.28110407660588926
0.3233388262128266
0.25673955971709134
0.28447353905862505
0.291522054384956
0.28000862345632976
0.34938035508173065
0.323134950114978
0.2844743881597112
0.28304631809460085
0.24358937428731936
0.26491941949356423
0.29528561330364755
0.2802026145146482
0.3015581386584599
0.23689198835449474
0.30896338727995876
0.2799433213518341
0.2706368228119326
0.25836311832650083
0.31341094033412215
0.28958606682119237
0.2924973576061377
0.28304008120213303
0.26166870852381663
0.2765379901560316
0.4488766663942902
0.24188656826459573
0.26751817749639656
0.2563290255756185
0.36117527654116666
0.2937546787195808
0.28240410504057517
0.2914460965037027
0.34674553628709204
0.2708871561867739
0.2744187330885911
0.26080248578745513
0.28659949202710455
0.253932725839616
0.26944057744147193
0.2969313827911568
0.25819330352359626
0.2623364715233925
0.84818083950828
0.6201791495700113
0.5654475021744089
0.5654475021744089
0.6969856486911848
0.8029997357102834
0.5654475021744089
0.6201791495700113
0.6257177156499907
0.5654475021744089
0.5654475021744089
0.6201791495700113
0.6952698744689024
0.7578929711325542
0.5938272437821112
0.6464443329994326
0.6599018227592345
0.6413587563298265
0.5926367291532266
0.6264164117418627
0.6713920136532274
0.6601215925071159
0.7742642682518196
0.653798456996396
0.5643219357130524
0.5745227397223703
0.592335210785224
0.592335210785224
0.7193609139793172
0.7662375109596252
0.5669269796637234
0.7070639964556162
0.7662375109596252
0.589428276977788
0.65569549858833
0.7860716155655221
0.7662375109596252
0.7662375109596252
0.6575565754771379
0.6192174744991688
0.5902728087903337
0.608818562852037
0.608818562852037
0.5902728087903337
0.6886038125566473
0.5902728087903337
0.3125416416497906
0.265686802399293
0.26544313572647704
0.31387263963446466
0.2589803074695015
0.2744121469139165
0.31752027256844995
0.29041597481351406
0.2845765027684363
0.3062293921215439
0.31696891547975997
0.3063015473804601
0.28200369706743034
0.29324095070472744
0.2871122796266152
0.3721429130645579
0.32943889349757155
0.28933733762431885
0.29215399233288786
0.3326986271275815
0.2744808729193914
0.38888986136517595
0.2904300989259658
0.28025370469679517
0.3204093182890662
0.29766620192430615
0.3363080808975289
0.2814816611567888
0.3136214344717868
0.34545906808215726
0.2808697830124251
0.27900316794649777
0.2930872795874367
0.33247104331361854
0.27530855940448173
0.29328342981506517
0.3445599482825417
0.30536627393280574
0.30713592216207236
0.30091560250280364
0.2771478402333968
0.30275287596571904
0.29787167197417735
0.2960907226443779
0.2995571841411472
0.29205400010431576
0.27772243024743387
0.27604288930235343
0.3241330860194183
0.2962067847517111
0.3025205235209721
0.29275319092498064
0.34600606937482725
0.2748184301587722
0.84818083950828
0.3149677404245745
0.26948811485377594
0.2505552223216776
0.2678156462019747
0.289950628622131
0.26317095990832534
0.2661558524933275
0.2786571693759511
0.32124183571159426
0.299016506499543
0.3176628682658443
0.3144576820989825
0.32563207037228387
0.3098506684522382
0.28298154982068907
0.27372908824189296
0.3078248560406392
0.2843876177135712
0.31047601203977093
0.3635402313176581
0.2893229404103022
0.3162472522074944
0.29674888067981814
0.300155280238999
0.2661025679104889
0.2941803511854382
0.309327896699395
0.2590237199743098
0.2761799177183595
0.3526635465058476
0.3541321083116987
0.27218271016633894
0.2768242026427476
0.300292265483543
0.32236241603992327
0.2828981484892881
0.26814503138856965
0.34727265878250235
0.3094889309796645
0.26209037163089755
0.27481455127680193
0.3332544492581206
0.27604288930235343
0.2936980417490863
0.2802574049978961
0.30540778293758286
0.2928250514297878
0.30875607109336123
0.3000892576605589
0.25542282881267586
0.84818083950828
0.2658919016123506
0.2913542452410221
0.26842113632904235
0.24598331997747389
0.33770493697973786
0.2908287859579724
0.3193706265025148
0.27878884022898326
0.32603978129116823
0.2867861847461595
0.3315154419544234
0.31593569111532166
0.2606264748159192
0.30854306229145695
0.3011640390767637
0.2570971302395911
0.25807836175667187
0.2592437203702207
0.2605069690693236
0.25771617866316693
0.31862050263206665
0.32274539895417576
0.2596502187624206
0.31490195905871143
0.2698697230875618
0.26297522224951675
0.24996946335891412
0.26993482192298845
0.28115154636509415
0.2696444571667199
0.26319000341674054
0.31154651063912575
0.2737639850082494
0.2557464344576663
0.2854920355259516
0.3090727603413772
0.28219594772064766
0.27804561863275373
0.30669324657831387
0.27989463879178567
0.2998383756158078
0.28179018638556363
0.28269537652172444
0.3299801982854313
0.28024942072959275
0.28047617307929473
0.3136214344717868
0.27989463879178567
0.2852642606595804
0.27125479486620174
0.2995731938943305
0.2873061084919047
0.28540067554247095
0.2768747407274224
0.27982104500969235
0.2703198968225529
0.2839836846241454
0.28288009646916196
0.2996546505037281
0.28711645437586625
0.3628906484836672
0.28150520873060914
0.26419255926397556
0.30455268323475104
0.29475954286299355
0.27241852050063997
0.2988751629349821
0.2950398190666389
0.3224703541544073
0.3323833200317661
0.2837751431689397
0.2828902313227401
0.2957249910150457
0.32051915738427617
0.2842940811093316
0.28617230638098695
0.29233830117006293
0.31809904374546755
0.31975921566548393
0.29644990661108944
0.26650890098891716
0.2728475149519967
0.26486279894527004
0.30053196466388493
0.2958205848617035
0.2892339401228532
0.312580935248312
0.2817381393311593
0.2579319152124622
0.32364456823483634
0.316685490398606
0.2687007205134527
0.24392794761120218
0.2879461750613433
0.28270195382138613
0.2921908467862352
0.28322667371204124
0.30665816848783534
0.25361887722443344
0.3087177110418739
0.29322583014944636
0.29095697728178266
0.3808911473865631
0.2740631616014852
0.3398125892832274
0.2948535887645787
0.2831575535905783
0.2701154543864831
0.30108050058509755
0.3073143336340392
0.26842113632904235
0.2872254400457304
0.31116215294270266
0.25518858826543356
0.27329242887780586
0.31992029067799926
0.26056211273541685
0.25416347439699705
0.27608325957213403
0.2509367557047202
0.26092949669372845
0.25134314031819066
0.28415723979620894
0.31423853887033115
0.2849666044716354
0.3343846370636123
0.32580375475226003
0.2820661877365218
0.26300043217343666
0.3040900516186303
1.0006910017080728
0.2903171571640714
0.2481349907147934
0.32442326072410627
0.31433960354082824
0.274747796286602
0.23400247723340004
0.0
0.30217368662274063
0.30004578677933347
0.3796319465122926
0.27982104500969235
0.2703198968225529
0.3030031478896906
0.2976484218795536
0.2608710425832653
0.2950398190666389
0.2929730263151869
0.2811499079678963
0.25120309899908
0.3107859352959776
0.2837751431689397
0.3016027137134625
0.2679780386079153
0.2983414084113153
0.2819305105221217
0.29079175884473696
0.2957249910150457
0.32051915738427617
0.26948811485377594
0.2842940811093316
0.29886665286178743
0.2838579253656074
0.31809904374546755
0.2908257973627259
0.2816021381706657
0.2758908841776226
0.3792641335639284
0.30193028419712153
0.2958205848617035
0.2892339401228532
0.2775907860654713
0.27989199834796186
0.28326951064168465
0.38346081266829724
0.31612084361271847
0.24830111569918933
0.30552847734205085
0.3305248459538144
0.30247892262038145
0.3124888051693467
0.28471770638438587
0.3109138980759248
0.2908572988801034
0.33399215737537036
0.3114731086752136
0.2832539368190532
0.2877962337881584
0.29853745280698996
0.2917556821212013
0.30302528677010643
0.2912375497073696
0.2750673800200012
0.3746310370457447
0.27989463879178567
0.2826476842533947
0.26774408210671535
0.28334262658606824
0.2510484811292216
0.2755363408228784
0.2811189588807485
0.2646568869995026
0.27989463879178567
0.27202593560338684
0.30284630828687686
0.2996546505037281
0.28150520873060914
0.2797129493165093
0.2886192982297685
0.28408935766231114
0.2958908458763725
0.2994950442026587
0.36065300659389715
0.2901834841591229
0.28173813955351323
0.2742069206737945
0.31402837773627706
0.24778209401046566
0.32717691739078275
0.2852614020589088
0.31869398009275035
0.299016506499543
0.3040289392209297
0.24156091529897175
0.2728475149519967
0.2534549903077472
0.2730560933847956
0.23695749021049206
0.2566526632097051
0.2775907860654713
0.24627074091951687
0.24052599757444698
0.3002963605054368
0.3085085799936521
0.27865576959544325
0.3113269966013899
0.26787650378039973
0.24990615486540535
0.26902061257583665
0.26902061257583665
0.2824924085975829
0.26943157518508615
0.26534929229140103
0.29110171237371096
0.2644885416956541
0.2597507198861945
0.3183371186513368
0.26744556082833004
0.2840109403054229
0.3204194385358679
0.30892020917649216
0.27651618288327384
0.2746865434669022
0.28197575723183604
0.2836161073481586
0.2777507433560598
0.2415252315870573
0.30841142778403996
0.23507225721163066
0.27394763344350687
0.2824563240140546
0.2867306371666591
0.3411815991944527
0.29591726621320386
0.2807098574956663
0.2921839356728534
0.30874822789421275
0.27386610968353525
0.33008644433077927
0.3109992913780025
0.23760145499078697
0.27608325957213403
0.24697711967101602
0.2509367557047202
0.35808751002826555
0.28415723979620894
0.27787294548231545
0.2792052334738884
0.29733964300242527
0.2849666044716354
0.24901025351117967
0.2774154256382455
0.28243259547794625
0.3102945070128609
0.26214419781481535
0.2562398359878416
0.36897360202759916
0.253730590802396
0.33938127459820133
0.27293491588513447
0.26140514359642764
0.2581010982008118
0.30198907326349844
0.3970799109453243
0.23400247723340004
0.6293596343942911
0.2804182606802454
0.26291744715889775
0.28625711266795084
0.2659601544109886
0.43655924938426127
0.2702352660561
0.25351687137946133
0.28654249091670253
0.40482978435039846
0.27981611385716193
0.26899545675046177
0.263515684667204
0.27559794607968763
0.2977347564251582
0.31137442280200484
0.268928997683323
0.23482970412112145
0.2683676091120306
0.25836311832650083
0.2803258452069304
0.282265062416232
0.2511156764392748
0.24188656826459573
0.26424059046077825
0.2650978468719179
0.25047431917908475
0.27046923830045844
0.2864677110537443
0.24861059406847485
0.3125416416497906
0.265686802399293
0.26544313572647704
0.31387263963446466
0.2589803074695015
0.2744121469139165
0.31752027256844995
0.29041597481351406
0.2845765027684363
0.3062293921215439
0.31696891547975997
0.3063015473804601
0.28200369706743034
0.29324095070472744
0.2871122796266152
0.3721429130645579
0.32943889349757155
0.28933733762431885
0.29215399233288786
0.3326986271275815
0.2744808729193914
0.38888986136517595
0.2904300989259658
0.28025370469679517
0.3204093182890662
0.29766620192430615
0.3363080808975289
0.2814816611567888
0.3136214344717868
0.34545906808215726
0.2808697830124251
0.27900316794649777
0.2930872795874367
0.33247104331361854
0.27530855940448173
0.29328342981506517
0.3445599482825417
0.30713592216207236
0.30091560250280364
0.2771478402333968
0.30275287596571904
0.29787167197417735
0.2960907226443779
0.2995571841411472
0.29205400010431576
0.27772243024743387
0.27604288930235343
0.3241330860194183
0.2962067847517111
0.3025205235209721
0.29275319092498064
0.34600606937482725
0.2748184301587722
0.84818083950828
0.3149677404245745
0.26948811485377594
0.2505552223216776
0.2678156462019747
0.289950628622131
0.26317095990832534
0.2661558524933275
0.2786571693759511
0.28298154982068907
0.27372908824189296
0.3078248560406392
0.2843876177135712
0.31047601203977093
0.2893229404103022
0.3162472522074944
0.29674888067981814
0.300155280238999
0.2661025679104889
0.2941803511854382
0.309327896699395
0.2590237199743098
0.2761799177183595
0.3526635465058476
0.3541321083116987
0.27218271016633894
0.2768242026427476
0.300292265483543
0.32236241603992327
0.2828981484892881
0.26814503138856965
0.34727265878250235
0.3094889309796645
0.26209037163089755
0.27481455127680193
0.3332544492581206
0.27604288930235343
0.2936980417490863
0.2802574049978961
0.30540778293758286
0.2928250514297878
0.30875607109336123
0.3000892576605589
0.25542282881267586
0.84818083950828
0.2658919016123506
0.2913542452410221
0.33770493697973786
0.2908287859579724
0.3193706265025148
0.27878884022898326
0.32603978129116823
0.2867861847461595
0.3315154419544234
0.30854306229145695
0.3011640390767637
0.25807836175667187
0.2605069690693236
0.25771617866316693
0.32274539895417576
0.26297522224951675
0.28115154636509415
0.2696444571667199
0.26319000341674054
0.31154651063912575
0.2557464344576663
0.28344436912884025
0.295732038065785
0.3020332310055414
0.36099868404097113
0.27556205831985175
0.29585736285971065
0.2883949566679194
0.2995978188743782
0.4013589884645654
0.28336236651794466
0.28383401842762196
0.31233280909910816
0.26999354517695406
0.2868936076870962
0.2995731938943305
0.2546459815200965
0.2897786722468857
0.3164644825009615
0.29493457471273293
0.3246840527495569
0.29117413884387067
0.28945417010659574
0.26976439415236564
0.28605152345775686
0.28377931089699104
0.28199651593101127
0.27111616237363295
0.2647723817251159
0.3036508219783554
0.28199651593101127
0.27037058691247134
0.2810487941419566
0.29745717419819834
0.280268937698663
0.2932648470958061
0.3042910306436403
0.280139977679372
0.26505085353550845
0.28987311190194637
0.2730518871942944
0.2667826157109524
0.2534549903077472
0.29183130616123615
0.2997379584905145
0.29039778742128713
0.26816868726675247
0.3002963605054368
0.3176463242887853
0.2598882608881938
0.38104586526679673
0.2747102268157992
0.35585392466613175
0.26534929229140103
0.3154154279713999
0.29020227424647493
0.3162070552694815
0.3036508219783554
0.33163555581321796
0.2722418803083972
0.84818083950828
0.28786398429396454
0.28472030762536926
0.307261552440684
0.23760145499078697
0.26984274114503476
0.26597358284926287
0.3311989933877879
0.2800516038768234
0.35808751002826555
0.26994907530872575
1.0006910017080728
0.29060128563037974
0.39935360175655915
0.3691678230487671
0.2846620219907247
0.25807836175667187
0.2879785356345057
0.30399053145354404
0.3508075553482693
1.0006910017080728
0.2844992576970768
0.30198907326349844
0.2877420121337388
0.2760150412017315
0.2596502187624206
0.25916357615074465
0.3105854151604539
0.27035356735938704
0.3037099476362982
0.2731829785428663
0.27979213715212226
0.2645173608683715
0.30115975297671016
0.32957243833431443
0.26291744715889775
0.32281426583339634
0.3064477335532472
0.2624345423409217
0.2653082762806374
0.41449772649841304
0.2764892714176205
0.267079968080743
0.3019374688001536
0.2982987334899298
0.3180271756307574
0.2890015781602984
0.26312882865606146
0.33152004615900615
0.26491941949356423
0.29231317040505395
0.24610228556594463
0.25654822568180896
0.26922893324680974
0.2926261528429084
0.4680088191897511
0.2691626609079283
0.30289372714935653
0.27388372770406455
0.31755650309016586
0.28385732312752693
0.33020458692760724
0.28052476465847637
0.3083247170779471
0.2850350542558969
0.28748519034941394
0.3261573990699335
0.2838525089581353
0.2941413621958046
0.5757911952344767
0.3294669390806626
0.2842138998347369
0.3163431927731471
0.29808163353471273
0.28059058350114163
0.2831430359227965
0.28656885160951395
0.28927114999896164
0.290953576150643
0.3630144936758068
0.2978809955669875
0.3284681868369755
0.32342257274854713
0.3563667611283968
0.3096178794511104
0.3785109741635064
0.28024942072959275
0.3268034050705248
0.3565351392493243
0.2993718360522715
0.30196440076496556
0.2995731938943305
0.30217368662274063
0.30004578677933347
0.3796319465122926
0.27982104500969235
0.2703198968225529
0.3030031478896906
0.2976484218795536
0.2608710425832653
0.2950398190666389
0.2929730263151869
0.2811499079678963
0.25120309899908
0.3107859352959776
0.2837751431689397
0.3016027137134625
0.2679780386079153
0.2983414084113153
0.2819305105221217
0.29079175884473696
0.2957249910150457
0.32051915738427617
0.26948811485377594
0.2842940811093316
0.29886665286178743
0.2838579253656074
0.31809904374546755
0.2908257973627259
0.2816021381706657
0.2758908841776226
0.3792641335639284
0.30193028419712153
0.2958205848617035
0.2892339401228532
0.2775907860654713
0.27989199834796186
0.28326951064168465
0.38346081266829724
0.31612084361271847
0.24830111569918933
0.30552847734205085
0.3305248459538144
0.30247892262038145
0.3124888051693467
0.28471770638438587
0.3109138980759248
0.2908572988801034
0.33399215737537036
0.3114731086752136
0.2832539368190532
0.2877962337881584
0.29853745280698996
0.2917556821212013
0.30302528677010643
0.2912375497073696
0.2750673800200012
0.3746310370457447
0.0
0.30089896143726697
0.26056211273541685
0.2739408077252172
0.26092949669372845
0.31423853887033115
0.346222817216592
0.26300043217343666
0.3040900516186303
0.2905397877365355
0.32442326072410627
0.27935575654548694
0.2777220384837496
0.2850598664478666
0.3231121257140467
0.2460533101110618
0.281263019248982
0.3064477335532472
0.25859756518577165
0.2872498336211588
0.28236272986921745
0.2843979107068927
0.2659601544109886
0.3033678226710001
0.5546017750114235
0.3213592872194041
0.26118364232938923
0.27020603978006935
0.2661639191355615
0.25654822568180896
0.32451251197814873
0.28899809642208024
0.26727782471254635
0.30901705863232387
0.26415299661236363
0.2631762922850064
0.3384367800432257
0.31231493738527577
0.2852805314858847
0.2842138998347369
0.27046917083949584
0.2958658030272977
0.26774408210671535
0.3125416416497906
0.3326986271275815
0.3284681868369755
0.3204093182890662
0.29766620192430615
0.3373334764194287
0.3104077262624725
0.3363080808975289
0.29190269811382547
0.2860859875107771
0.32619425743891867
0.28831172361885404
0.2993718360522715
0.2687158301108715
0.25760459564489585
0.29328342981506517
0.30536627393280574
0.3321967692717006
0.31176442272174854
0.41605557021767137
0.2890571591727767
0.26495534704734786
0.2988751629349821
0.33769547734313693
0.29912256151042005
0.29079175884473696
0.30066235090148763
0.2902888457558215
0.2505552223216776
0.2949649782526336
0.29058088704554946
0.3063774795079315
0.3279706502445113
0.3062966467129362
0.2774552825246312
0.32563207037228387
0.3098506684522382
0.3322656834723144
0.28810765228979995
0.2718215401558282
0.28326951064168465
0.3273289608907356
0.33515534573647665
0.28991130139627264
0.3301674479152103
0.2941803511854382
0.28584458414761893
0.25948851656337163
0.3711748792767821
0.31975924964975244
0.26114306958632705
0.30422803698631123
0.2796942076681145
0.3843467220566234
0.3037143355435071
0.3094889309796645
0.3260184863391944
0.323578625671587
0.2609543387892272
0.2799543718587868
0.31584779679383607
0.32135580627841304
0.30502666427180936
0.31089816666827935
0.30385187221805304
0.27182008721908435
0.2871746120086472
0.2692625796733537
0.2694368930349801
0.2764050006638176
0.3169715293156541
0.34251293220871554
0.31503759425586597
0.2643646154478987
0.2833522226472815
0.3102945070128609
0.28670858972428276
0.31411976053677837
0.31871159415494943
0.32442326072410627
0.32369624467558433
0.30894318617567634
0.42597748060175433
0.2766553374422823
0.2855743219326383
0.2757207586022996
0.29091186499915694
0.28236272986921745
0.3311854356216485
0.25673955971709134
0.27020603978006935
0.26729911729514405
0.23689198835449474
0.3144729421068787
0.2864677110537443
0.2918954882684828
0.30901705863232387
0.28659949202710455
0.2816054421496421
0.4384342627610253
0.35284729662990283
0.3042994487642793
0.2713270772185779
0.2418830185331305
0.26281238915472405
0.30217368662274063
0.00217368662274063